,t,x,y,z,r,theta,phi
0,1415.0,-2.3947180235067454e-15,39.108713225299596,2.3947180235067454e-15,39.108713225299596,-90.0,-90.0
1,1445.0,-3.7754125979330384,43.15316345887874,2.65246259612854e-15,43.31800153277317,-90.0,-85.0
2,1476.0,-7.635575164020865,43.30349861003602,2.6924793596748355e-15,43.971524876387946,-90.0,-80.0
3,1507.0,-11.928341649991182,44.51717708780707,2.822049941303853e-15,46.08757305810417,-90.0,-75.0
4,1538.0,-15.512613477085686,42.62055524502036,2.7772446757666317e-15,45.35584754233233,-90.0,-70.0
5,1569.0,-19.798098560826684,42.45715937662315,2.8685080871631068e-15,46.8462921580373,-90.0,-65.0
6,1600.0,-23.29517895902328,40.34843352843778,2.8528366347732627e-15,46.59035791804655,-90.0,-60.0
7,1631.0,-29.821045053964557,42.588866052786265,3.183555412849562e-15,51.9914054414069,-90.0,-55.0
8,1661.0,-32.05369122127525,38.20010166886026,3.053454186378538e-15,49.86669117176433,-90.0,-50.0
9,1692.0,-64.13762614147318,64.13762614147316,5.554036578977659e-15,90.70430074768652,-90.0,-45.0
10,1723.0,-58.58586521699609,49.159377895783244,4.682952337670645e-15,76.47841550610508,-90.0,-40.0
11,1755.0,-48.006588133573466,33.614574894856936,3.588534931069824e-15,58.60522288660374,-90.0,-35.0
12,1785.0,-97.31946146268913,56.18741727287297,6.88097407155806e-15,112.37483454574595,-90.0,-30.0
13,1816.0,-75.46193365391652,35.18847756200569,5.098390239418835e-15,83.26303131594403,-90.0,-25.0
14,1847.0,-87.70693391921303,31.92271328534629,5.715167572421751e-15,93.33576956884013,-90.0,-20.0
15,1878.0,-69.35642365102473,18.58399770720289,4.3966689735820595e-15,71.80305336433642,-90.0,-15.0
16,1908.0,-100.15364953416437,17.659790629292964,6.2272482090938496e-15,101.69868101446886,-90.0,-10.0
17,1940.0,-99.1622824543122,8.675575564107957,6.095132409178671e-15,99.54106626371521,-90.0,-5.0
18,1971.0,-97.42835150367333,-0.0,5.9657659407588375e-15,97.42835150367333,-90.0,0.0
19,2001.0,-108.03288809634488,-9.451652996394918,6.640375162770062e-15,108.44555617821155,-90.0,5.0
20,2032.0,-124.80927364565147,-22.007242386354314,7.760259655071909e-15,126.73465786992469,-90.0,10.0
21,2063.0,-117.34737945081709,-31.44313555775496,7.438930025552804e-15,121.48694677897458,-90.0,15.0
22,2095.0,-56.909683348270086,-20.713430780285254,3.70835420068851e-15,60.562020057871564,-90.0,20.0
23,2125.0,-97.58701111106073,-45.50557061754456,6.5932138344677435e-15,107.67535323749175,-90.0,25.0
24,2156.0,-74.19155571905308,-42.83451466599241,5.245715127873797e-15,85.66902933198483,-90.0,30.0
25,2187.0,-68.20508231615389,-47.75771278198473,5.098390239418835e-15,83.26303131594403,-90.0,35.0
26,2217.0,-29.28419742348895,-24.572359257372227,2.3407779380435296e-15,38.227804778868006,-90.0,40.0
27,2249.0,-34.852615786902334,-34.85261578690233,3.0180833716316836e-15,49.28904193001591,-90.0,45.0
28,3202.0,-8.887393571303092e-15,145.1421516390006,12.698292868173155,145.69657107895347,-85.0,-90.0
29,3232.0,-11.003621193177151,125.77196575778808,11.045653238523622,126.73465786992469,-85.0,-85.0
30,3263.0,-20.574628678410367,116.6845175692538,10.366056182109137,118.93715612202357,-85.0,-80.0
31,3294.0,-11.947379394394407,44.588226917181416,4.0385755052866825,46.337457268645664,-85.0,-75.0
32,3325.0,-34.89911106673644,95.88451961489724,8.927183515516653,102.42794374850905,-85.0,-70.0
33,3356.0,-31.52581956237078,67.60733822623976,6.526343203227534,74.88139045665923,-85.0,-65.0
34,3387.0,-34.306909663121466,59.42131058720204,6.002931352262205,68.87591296929776,-85.0,-60.0
35,3418.0,-35.776734644533256,51.09447227033171,5.45709080952577,62.61309510407909,-85.0,-55.0
36,3448.0,-63.28615350524317,75.4215008013422,8.613764339001913,98.83186199148494,-85.0,-50.0
37,3479.0,-52.01284649936372,52.012846499363704,6.435427501872381,73.83824976978124,-85.0,-45.0
38,3511.0,-62.64335627421698,52.5640171454024,7.154393675770494,82.0874614824246,-85.0,-40.0
39,3542.0,-61.53670922175456,43.088467673691504,6.5723628295009755,75.4094064521936,-85.0,-35.0
40,3572.0,-89.00117130074565,51.38485020867749,8.991183740473977,103.16226397732777,-85.0,-30.0
41,3603.0,-104.38242203325139,48.67432277087218,10.076354556268226,115.61320274032062,-85.0,-25.0
42,3634.0,-51.78010731463052,18.846417789635165,4.820908758863244,55.31372468273506,-85.0,-20.0
43,3665.0,-111.24882594487224,29.809033070839043,10.076354556268226,115.61320274032062,-85.0,-15.0
44,3696.0,-66.19005976187887,11.671093390724957,5.880213523457133,67.46788379145715,-85.0,-10.0
45,3727.0,-114.73499057478031,10.038010985047016,10.076354556268226,115.61320274032062,-85.0,-5.0
46,3758.0,-111.15389671684463,-0.0,9.724705869455322,111.57848654461299,-85.0,0.0
47,3788.0,-111.52122142493035,-9.756842617245798,9.79411217097968,112.37483454574595,-85.0,5.0
48,3819.0,-102.66417496717116,-18.10246399888686,9.12051253901743,104.64614552622234,-85.0,10.0
49,3851.0,-123.67636945963876,-33.13898331952337,11.20197843278709,128.52828832197736,-85.0,15.0
50,3881.0,-89.26816761678579,-32.490955879996136,8.311178046358316,95.36007363762198,-85.0,20.0
51,3912.0,-95.15749475353529,-44.372668534417606,9.185844102347167,105.39574114975906,-85.0,25.0
52,3943.0,-90.28136030427709,-52.12396767447996,9.12051253901743,104.64614552622234,-85.0,30.0
53,3975.0,-88.49536113456479,-61.965118963012834,9.451652996394913,108.44555617821155,-85.0,35.0
54,4005.0,-77.6092547187774,-65.12189701046967,8.86362408027319,101.69868101446886,-85.0,40.0
55,4036.0,-50.22824170487309,-50.22824170487308,6.214622536418725,71.30479691294596,-85.0,45.0
56,4988.0,-8.785806740244349e-15,143.48311278584762,25.299944060180668,145.69657107895347,-80.0,-90.0
57,5020.0,-10.95458021296874,125.21142478902726,22.162487438997516,127.62867849674038,-80.0,-85.0
58,5051.0,-20.48386783059683,116.1697872231158,20.799864509538345,119.7816457909162,-80.0,-80.0
59,5082.0,-27.445048002287304,102.42631356070294,18.697628869333457,107.67535323749175,-80.0,-75.0
60,5112.0,-26.497554328065984,72.80143218713337,13.660697599256697,78.66882211375054,-80.0,-70.0
61,5143.0,-24.391361360194058,52.307443237585595,10.176690156023023,58.60522288660374,-80.0,-65.0
62,5175.0,-23.194821067801904,40.174608561901884,8.179745533917208,47.10527714034836,-80.0,-60.0
63,5206.0,-55.42862019941471,79.16027345425981,17.039684033702734,98.12762945538111,-80.0,-55.0
64,5236.0,-49.44829599855808,58.93018440394348,13.564462978457447,78.1146290200353,-80.0,-50.0
65,5267.0,-75.51760734412223,75.51760734412221,18.831373206423162,108.44555617821155,-80.0,-45.0
66,5299.0,-62.814172595268964,52.707349057396186,14.45847365503824,83.26303131594403,-80.0,-40.0
67,5329.0,-79.16027345425982,55.4286201994147,17.039684033702734,98.12762945538111,-80.0,-35.0
68,5360.0,-92.4898022944775,53.399012252011836,18.831373206423162,108.44555617821155,-80.0,-30.0
69,5391.0,-106.90978260139207,49.85285035871515,20.799864509538345,119.7816457909162,-80.0,-25.0
70,5422.0,-96.8412779354497,35.24734261680403,18.171612470496914,104.64614552622234,-80.0,-20.0
71,5453.0,-99.54477596137286,26.672942329586892,18.171612470496914,104.64614552622234,-80.0,-15.0
72,5484.0,-116.1697872231158,20.483867830596818,20.799864509538345,119.7816457909162,-80.0,-10.0
73,5515.0,-72.94936236795616,6.382242218640819,12.912075155176952,74.35767727976526,-80.0,-5.0
74,5545.0,-117.96189344345639,-0.0,20.799864509538345,119.7816457909162,-80.0,0.0
75,5576.0,-68.03989142883576,-5.952719167557812,12.043096240483584,69.3534271553549,-80.0,5.0
76,5608.0,-92.48461557624809,-16.307533026542895,16.559103009357347,95.36007363762198,-80.0,10.0
77,5639.0,-126.62179081664677,-33.92820659350305,23.114443634222194,133.110775735046,-80.0,15.0
78,5669.0,-78.15776130903208,-28.447098693370332,14.66577662281583,84.45684152784969,-80.0,20.0
79,5700.0,-57.41102823638869,-26.77120212918091,11.169619651388347,64.32327595635627,-80.0,25.0
80,5732.0,-81.32960601019555,-46.95566992307259,16.559103009357347,95.36007363762198,-80.0,30.0
81,5763.0,-72.65076018458213,-50.870609937910245,15.638475517254207,90.05839121012787,-80.0,35.0
82,5793.0,-81.23098709740599,-68.16089131359973,18.697628869333457,107.67535323749175,-80.0,40.0
83,5825.0,-81.65874364959804,-81.65874364959802,20.36275156634588,117.2644126758594,-80.0,45.0
84,6777.0,-5.560050426042988e-15,90.80251432354392,24.330460383709042,94.0056802005104,-75.0,-90.0
85,6808.0,-8.26097092841741,94.423329783402,25.397299353815725,98.12762945538111,-75.0,-85.0
86,6839.0,-13.866842210955996,78.64277012650214,21.397340426585217,82.67297492775126,-75.0,-80.0
87,6870.0,-25.243614655869187,94.21045246239416,26.134112960672244,100.97445862347675,-75.0,-75.0
88,6901.0,-20.41041825081534,56.077163265739635,15.990154949090009,61.78121452676001,-75.0,-70.0
89,6932.0,-33.98945926493469,72.89063061803017,21.550058257533916,83.26303131594403,-75.0,-65.0
90,6963.0,-49.11669124570462,85.07260473723387,26.321555508350684,101.69868101446886,-75.0,-60.0
91,6993.0,-44.52093105562567,63.58247894539489,20.79818271219124,80.35800728633737,-75.0,-55.0
92,7025.0,-50.60615947454338,60.310072361182584,21.09542772589704,81.50647382823368,-75.0,-50.0
93,7056.0,-47.69822993771323,47.69822993771322,18.07464237686681,69.83505549101793,-75.0,-45.0
94,7087.0,-74.71525414099848,62.693542193028556,26.134112960672244,100.97445862347675,-75.0,-40.0
95,7117.0,-69.25097210282571,48.49005269474888,22.6523783702797,87.52206917890015,-75.0,-35.0
96,7148.0,-94.67395651071782,54.660034276709844,29.292224085403777,113.17646301415277,-75.0,-30.0
97,7180.0,-99.07762940934468,46.20065734542033,29.292224085403777,113.17646301415277,-75.0,-25.0
98,7211.0,-113.42587394998559,41.28364191342499,32.34288601763671,124.96331560463557,-75.0,-20.0
99,7241.0,-96.25170264680496,25.79056599433194,26.700358653226147,103.16226397732777,-75.0,-15.0
100,7272.0,-90.7113885388013,15.994865256919287,24.68100319979538,95.36007363762198,-75.0,-10.0
101,7304.0,-89.17239210142401,7.8015734083632475,23.984940390164045,92.67069345945302,-75.0,-5.0
102,7334.0,-108.545754912697,-0.0,29.08474737068373,112.37483454574595,-75.0,0.0
103,7365.0,-86.65870377377404,-7.581654176056436,23.308826816474543,90.05839121012787,-75.0,5.0
104,7396.0,-88.7857667780448,-15.655326185858577,24.157074753716117,93.33576956884013,-75.0,10.0
105,7428.0,-83.4274117649985,-22.35430760905009,23.14288219720943,89.41723043620036,-75.0,15.0
106,7458.0,-80.01057857644653,-29.121469028243634,22.81466241330649,88.14908657231689,-75.0,20.0
107,7489.0,-88.39567631703592,-41.2195808144243,26.134112960672244,100.97445862347675,-75.0,25.0
108,7520.0,-67.69926012286554,-39.086186055874904,20.94622397776858,80.92999481344805,-75.0,30.0
109,7552.0,-97.49195791956825,-68.2646038501055,31.89016199764413,123.21412431226662,-75.0,35.0
110,7582.0,-84.94212084561316,-71.27490227296994,29.71129532811438,114.79562995970969,-75.0,40.0
111,7613.0,-78.96528597807932,-78.96528597807932,29.922898734493916,115.61320274032062,-75.0,45.0
112,8566.0,-7.08968871797108e-15,115.78340339283453,42.141712457028206,123.21412431226662,-70.0,-90.0
113,8597.0,-7.0162599473661285,80.19621816816445,29.30053369069638,85.66902933198483,-70.0,-85.0
114,8628.0,-25.99098795656853,147.4022174719899,54.477657655049775,159.2820151624128,-70.0,-80.0
115,8658.0,-26.37508132720541,98.43314356689177,37.090564667103784,108.44555617821155,-70.0,-75.0
116,8689.0,-42.186415814693824,115.90622485859461,44.89384601042347,131.26082450552016,-70.0,-70.0
117,8720.0,-28.317363982346205,60.72678303072955,24.387676859973485,71.30479691294596,-70.0,-65.0
118,8752.0,-50.2314230849448,87.00337691961256,36.56548565550417,106.91032785366332,-70.0,-60.0
119,8782.0,-46.83769935477803,66.89116697391266,29.721458773831003,86.89973194219286,-70.0,-55.0
120,8813.0,-66.91811374584567,79.74990246623956,37.891523062501676,110.78740185902348,-70.0,-50.0
121,8844.0,-76.27745146963186,76.27745146963184,39.26241781198035,114.79562995970969,-70.0,-45.0
122,8876.0,-68.15536720445613,57.18914348401121,32.382618516106284,94.6804425061942,-70.0,-40.0
123,8906.0,-98.24231966174976,68.79001279836515,43.65157891192085,127.62867849674038,-70.0,-35.0
124,8937.0,-68.24315934202161,39.400206416466695,28.68100471907624,83.85764779873335,-70.0,-30.0
125,8968.0,-95.0259005935362,44.31130516984156,38.16208996004974,111.57848654461299,-70.0,-25.0
126,8998.0,-111.90951914088268,40.731733898325125,43.345805849001245,126.73465786992469,-70.0,-20.0
127,9030.0,-104.19693644345176,27.919484973819916,39.26241781198035,114.79562995970969,-70.0,-15.0
128,9061.0,-96.84127793544968,17.07573014630713,35.791089691357364,104.64614552622234,-70.0,-10.0
129,9092.0,-91.85892313116767,8.036614417676446,33.56162589053757,98.12762945538111,-70.0,-5.0
130,9122.0,-92.20980929443557,-0.0,33.56162589053757,98.12762945538111,-70.0,0.0
131,9154.0,-80.77008433622058,-7.066466731452106,29.510201744566707,86.28205771046453,-70.0,5.0
132,9185.0,-118.10969495995313,-20.825925904686336,43.65157891192085,127.62867849674038,-70.0,10.0
133,9216.0,-67.49248361041,-18.084556478580144,25.43182344058914,74.35767727976526,-70.0,15.0
134,9246.0,-102.08902712536552,-37.15736711882797,39.54204417158407,115.61320274032062,-70.0,20.0
135,9278.0,-61.151123506086215,-28.515237195670153,24.55809060289099,71.80305336433642,-70.0,25.0
136,9309.0,-53.78898679414357,-31.05508600503601,22.606253856820047,66.0962644977742,-70.0,30.0
137,9339.0,-81.12849098634294,-56.80678095221581,36.04746649395569,105.39574114975906,-70.0,35.0
138,9370.0,-91.22947586657867,-76.5506195521427,43.345805849001245,126.73465786992469,-70.0,40.0
139,9402.0,-79.59047462848514,-79.59047462848513,40.96773566119366,119.7816457909162,-70.0,45.0
140,10354.0,-5.445626799992865e-15,88.93383469885885,41.470528189168625,98.12762945538111,-65.0,-90.0
141,10385.0,-9.528679092616681,108.91330040483723,50.981104548133445,120.63157029265639,-65.0,-85.0
142,10417.0,-11.066998160082253,62.7640654630171,29.71886065359167,70.3208151280171,-65.0,-80.0
143,10447.0,-24.722649070141845,92.26618242746484,44.54216491958388,105.39574114975906,-65.0,-75.0
144,10478.0,-22.10274144592748,60.72678303072955,30.134709325122813,71.30479691294596,-65.0,-70.0
145,10509.0,-36.525027252758434,78.32817371534068,40.3009085601969,95.36007363762198,-65.0,-65.0
146,10541.0,-38.00041960128442,65.81865745836086,35.43977334636448,83.85764779873335,-65.0,-60.0
147,10571.0,-61.39172904719941,87.67647546920979,49.910407031722805,118.0980841342481,-65.0,-55.0
148,10602.0,-50.26477028532132,59.90322056845437,36.46437324900723,86.28205771046453,-65.0,-50.0
149,10633.0,-70.99881353273453,70.99881353273452,46.82077919642884,110.78740185902348,-65.0,-45.0
150,10664.0,-77.46582392141568,65.00154428130399,47.15510603114236,111.57848654461299,-65.0,-40.0
151,10695.0,-82.24899660817857,57.59136743523148,46.82077919642884,110.78740185902348,-65.0,-35.0
152,10726.0,-97.39327883407053,56.230035752110894,52.44099257907736,124.08595966270127,-65.0,-30.0
153,10757.0,-62.81889670094415,29.292932608498038,32.32117502187308,76.47841550610508,-65.0,-25.0
154,10788.0,-93.01810611132872,33.85582187233878,46.15876965226171,109.22095382755316,-65.0,-20.0
155,10819.0,-89.66809512863934,24.026493676555997,43.28791954066904,102.42794374850905,-65.0,-15.0
156,10850.0,-78.67649187595624,13.872788265221438,37.25341374122299,88.14908657231689,-65.0,-10.0
157,10881.0,-64.82803383958438,5.671718039638613,30.34528160051054,71.80305336433642,-65.0,-5.0
158,10912.0,-97.58701111106073,-0.0,45.50557061754456,107.67535323749175,-65.0,0.0
159,10943.0,-93.14097975967248,-8.148779838668883,43.59825667933344,103.16226397732777,-65.0,5.0
160,10974.0,-79.80835965002011,-14.07236709238333,37.78935449661456,89.41723043620036,-65.0,10.0
161,11005.0,-93.59209115584578,-25.077925243148893,45.18225691964347,106.91032785366332,-65.0,15.0
162,11036.0,-75.07223477782884,-27.324058878973705,37.25341374122299,88.14908657231689,-65.0,20.0
163,11067.0,-80.601426918606,-37.58506263036642,41.470528189168625,98.12762945538111,-65.0,25.0
164,11099.0,-57.14923166730943,-32.995124287101376,30.771758273702726,72.81218314362138,-65.0,30.0
165,11129.0,-85.83168988970016,-60.09999627804618,48.86025077638937,115.61320274032062,-65.0,35.0
166,11160.0,-92.41509034997719,-77.54546822788086,56.25504466010121,133.110775735046,-65.0,40.0
167,11191.0,-74.61883354863015,-74.61883354863015,49.208032580216106,116.43612459512707,-65.0,45.0
168,12144.0,-6.815696003499239e-15,111.30876279176319,64.26414416098869,128.52828832197736,-60.0,-90.0
169,12175.0,-5.534359970089616,63.25802392043305,36.66154538748838,73.32309077497675,-60.0,-85.0
170,12206.0,-17.38634503303595,98.60286249545742,57.80660137016032,115.61320274032062,-60.0,-80.0
171,12237.0,-22.795135737353917,85.07260473723386,50.849340507234444,101.69868101446886,-60.0,-75.0
172,12268.0,-38.33796234430523,105.33268584888019,64.71675224868302,129.43350449736602,-60.0,-70.0
173,12299.0,-28.792643416939235,61.74602306739017,39.334411056875275,78.66882211375054,-60.0,-65.0
174,12329.0,-41.292123138467694,71.52005522821648,47.680036818811,95.36007363762198,-60.0,-60.0
175,12361.0,-46.695607435886956,66.6882386831742,47.002840100255206,94.0056802005104,-60.0,-55.0
176,12392.0,-61.672067222120354,73.49790767467354,55.39370092951175,110.78740185902348,-60.0,-50.0
177,12423.0,-61.83397517032268,61.833975170322674,50.48722931173839,100.97445862347675,-60.0,-45.0
178,12453.0,-69.42371256421245,58.253411607588156,52.323072763111185,104.64614552622234,-60.0,-40.0
179,12485.0,-73.70851006411847,51.61125437710201,51.950829426327715,103.9016588526554,-60.0,-35.0
180,12516.0,-66.11181492923767,38.169674146010074,44.07454328615845,88.14908657231689,-60.0,-30.0
181,12547.0,-67.72154180710714,31.579073566717966,43.14102885523227,86.28205771046453,-60.0,-25.0
182,12578.0,-47.69279450008137,17.35875758700446,29.302611443301878,58.60522288660374,-60.0,-20.0
183,12609.0,-87.53820685600425,23.455791833934903,52.323072763111185,104.64614552622234,-60.0,-15.0
184,12640.0,-89.24940450943096,15.73707802717642,52.323072763111185,104.64614552622234,-60.0,-10.0
185,12670.0,-90.28136030427707,7.898595554323608,52.323072763111185,104.64614552622234,-60.0,-5.0
186,12702.0,-90.62622043383182,-0.0,52.323072763111185,104.64614552622234,-60.0,0.0
187,12733.0,-74.97099840960979,-6.559112454060934,43.449865971096436,86.89973194219286,-60.0,5.0
188,12764.0,-95.1617800167795,-16.779589349201867,55.78924327230651,111.57848654461299,-60.0,10.0
189,12794.0,-89.43223228754366,-23.963294418759897,53.45516392683167,106.91032785366332,-60.0,15.0
190,12826.0,-88.88375897962976,-32.35104257827651,54.610476913776594,109.22095382755316,-60.0,20.0
191,12857.0,-46.91112527593073,-21.875016968835023,29.884053953242294,59.76810790648457,-60.0,25.0
192,12888.0,-80.18274589024749,-46.29352992409774,53.45516392683167,106.91032785366332,-60.0,30.0
193,12919.0,-62.98167571605308,-44.10024410545979,44.39040063708675,88.78080127417348,-60.0,35.0
194,12950.0,-79.46481455232502,-66.67889658242687,59.890822895458115,119.7816457909162,-60.0,40.0
195,12981.0,-70.29767952566054,-70.29767952566053,57.39781497985486,114.79562995970969,-60.0,45.0
196,13934.0,-6.401675380506357e-15,104.54729290050736,73.20480258835374,127.62867849674038,-55.0,-90.0
197,13965.0,-8.85896878794872,101.25847659478418,71.17278254453186,124.08595966270127,-55.0,-85.0
198,13996.0,-12.01350090166529,68.1319492535753,48.44245418900907,84.45684152784969,-55.0,-80.0
199,14026.0,-26.30773108007886,98.18178902271318,71.17278254453186,124.08595966270127,-55.0,-75.0
200,14058.0,-30.600052316099973,84.07295277261477,62.646565471270094,109.22095382755316,-55.0,-70.0
201,14089.0,-40.023974307952145,85.83168988970014,66.3130088229241,115.61320274032062,-55.0,-65.0
202,14119.0,-31.103916774326812,53.87356416752789,43.55839398646215,75.94174241809873,-55.0,-60.0
203,14150.0,-51.317062173475065,73.28836005490956,62.646565471270094,109.22095382755316,-55.0,-55.0
204,14182.0,-41.42234331290977,49.36522645683096,45.12258263993941,78.66882211375054,-55.0,-50.0
205,14213.0,-46.54560505920747,46.54560505920746,46.09145945156879,80.35800728633737,-55.0,-45.0
206,14243.0,-50.784127863759,42.61294296013999,46.41953801900618,80.92999481344805,-55.0,-40.0
207,14274.0,-63.98756984535388,44.8045787574371,54.696291207240556,95.36007363762198,-55.0,-35.0
208,14306.0,-65.74119043846586,37.95569399649471,53.15372610865327,92.67069345945302,-55.0,-30.0
209,14337.0,-56.37944395982452,26.290166480986755,43.55839398646215,75.94174241809873,-55.0,-25.0
210,14367.0,-67.3702117659307,24.520751759009457,50.200596541703284,87.52206917890015,-55.0,-20.0
211,14399.0,-50.55224028771457,13.545431960677185,36.645732787615955,63.88988540175603,-55.0,-15.0
212,14430.0,-86.862491775974,15.316200911671363,61.7600453928006,107.67535323749175,-55.0,-10.0
213,14460.0,-87.86684863679223,7.6873531554676084,61.7600453928006,107.67535323749175,-55.0,-5.0
214,14491.0,-75.3705356973136,-0.0,52.77501725416302,92.01043472061866,-55.0,0.0
215,14523.0,-75.08372805399846,-6.568975019988251,52.77501725416302,92.01043472061866,-55.0,5.0
216,14554.0,-106.63295879854812,-18.802267668958134,75.81703265837635,132.18296264174637,-55.0,10.0
217,14584.0,-64.03505842225962,-17.158142191524227,46.41953801900618,80.92999481344805,-55.0,15.0
218,14615.0,-48.84871713875043,-17.779479020594447,36.39939190308882,63.46040317599673,-55.0,20.0
219,14647.0,-105.21295522988251,-49.06160676081323,81.28684915106584,141.71929667856128,-55.0,25.0
220,14678.0,-55.02500128397604,-31.768699303463062,44.489365462804805,77.56484165534297,-55.0,30.0
221,14708.0,-73.81215689794992,-51.68382867146236,63.09430469202203,110.001563337247,-55.0,35.0
222,14740.0,-54.530178933674904,-45.75625303127769,49.84363856726416,86.89973194219286,-55.0,40.0
223,14771.0,-69.38087897649736,-69.38087897649736,68.703929533017,119.7816457909162,-55.0,45.0
224,15723.0,-6.510545378529515e-15,106.32527489660546,89.21749895056456,138.7977888902871,-50.0,-90.0
225,15755.0,-9.266858306462579,105.92067512514573,89.21749895056456,138.7977888902871,-50.0,-85.0
226,15785.0,-22.21797228065138,126.00438226402835,107.36128991782677,167.02451680763164,-50.0,-80.0
227,15816.0,-16.626195138617106,62.04980499387372,53.9026569824835,83.85764779873335,-50.0,-75.0
228,15847.0,-32.28242465122427,88.69523277448391,79.20051244630197,123.21412431226662,-50.0,-70.0
229,15879.0,-25.831723319992463,55.39630942841198,51.288340975142994,79.79049409517114,-50.0,-65.0
230,15909.0,-37.58506263036643,65.099238081453,63.07522438183088,98.12762945538111,-50.0,-60.0
231,15940.0,-38.182442349283484,54.53017893367489,55.85807097752316,86.89973194219286,-50.0,-55.0
232,15971.0,-50.07682476708219,59.679235821880916,65.37065207756429,101.69868101446886,-50.0,-50.0
233,16003.0,-42.312758892430864,42.31275889243086,50.21111566933927,78.1146290200353,-50.0,-45.0
234,16033.0,-52.0987128136218,43.71601070672108,57.06719903708164,88.78080127417348,-50.0,-40.0
235,16064.0,-52.24812430076217,36.58453049271159,53.520444874831135,83.26303131594403,-50.0,-35.0
236,16095.0,-53.3106228808174,30.77890247090654,51.653131422758314,80.35800728633737,-50.0,-30.0
237,16126.0,-63.88027258418195,29.787860311032848,59.14316740028584,92.01043472061866,-50.0,-25.0
238,16157.0,-46.30287286957088,16.8528674855359,41.3462047991939,64.32327595635627,-50.0,-20.0
239,16188.0,-62.939941928946325,16.864706611522923,54.675918814384424,85.06062965502335,-50.0,-15.0
240,16220.0,-81.8120332073918,14.425668801080068,69.70745983691992,108.44555617821155,-50.0,-10.0
241,16250.0,-83.3497223530797,7.292155813927776,70.20587583849678,109.22095382755316,-50.0,-5.0
242,16281.0,-70.4840822266914,-0.0,59.14316740028584,92.01043472061866,-50.0,0.0
243,16312.0,-69.71566933864189,-6.099330737253017,58.72184678495866,91.35497620060667,-50.0,5.0
244,16344.0,-81.23098709740596,-14.323214694853867,69.2123829296811,107.67535323749175,-50.0,10.0
245,16374.0,-77.43208990129467,-20.747865957306,67.2652457457102,104.64614552622234,-50.0,15.0
246,16405.0,-77.50970574826647,-28.211225759100955,69.2123829296811,107.67535323749175,-50.0,20.0
247,16437.0,-79.69939665610389,-37.16443901107413,73.78920858426227,114.79562995970969,-50.0,25.0
248,16467.0,-59.74599287845375,-34.49436507137673,57.88841801817334,90.05839121012787,-50.0,30.0
249,16498.0,-53.37612961090603,-37.3743683140149,54.675918814384424,85.06062965502335,-50.0,35.0
250,16529.0,-59.25424467717418,-49.72021485430515,64.90513089797699,100.97445862347675,-50.0,40.0
251,16561.0,-47.40853611406914,-47.408536114069136,56.258101642325165,87.52206917890015,-50.0,45.0
252,17513.0,-6.7568911818926175e-15,110.34840717498349,110.3484071749835,156.05621401313022,-45.0,-90.0
253,17544.0,-8.73393587243589,99.8293438309058,100.21067570639885,141.71929667856128,-45.0,-85.0
254,17575.0,-16.459002890872622,93.3436438640412,94.78362002993298,134.04428093714935,-45.0,-80.0
255,17606.0,-21.92156263329235,81.81238552875045,84.69841400044193,119.7816457909162,-45.0,-75.0
256,17637.0,-15.451434170594029,42.45246648189664,45.1769712168131,63.88988540175603,-45.0,-70.0
257,17668.0,-22.694144666836216,48.66775029307536,53.698921038959696,75.94174241809873,-45.0,-65.0
258,17699.0,-25.38621297191092,43.9702106791138,50.77242594382183,71.80305336433642,-45.0,-60.0
259,17730.0,-41.84052911975331,59.75446826341108,72.94673642092516,103.16226397732777,-45.0,-55.0
260,17761.0,-33.56092271757887,39.996350219451244,52.211527123158355,73.83824976978124,-45.0,-50.0
261,17792.0,-50.84934050723443,50.849340507234416,71.91182698305853,101.69868101446886,-45.0,-45.0
262,17823.0,-53.91892900921008,45.24335344510211,70.3861629616125,99.54106626371521,-45.0,-40.0
263,17854.0,-49.97698073294365,34.99425864616857,61.01062810179851,86.28205771046453,-45.0,-35.0
264,17885.0,-52.83675383700227,30.505314050899248,61.01062810179851,86.28205771046453,-45.0,-30.0
265,17916.0,-62.885717592486564,29.32409170194901,69.38671220966079,98.12762945538111,-45.0,-25.0
266,17947.0,-69.53349434697107,25.308122226814717,73.99599912662612,104.64614552622234,-45.0,-20.0
267,17978.0,-46.08142159935342,12.347479703624842,47.706998141245315,67.46788379145715,-45.0,-15.0
268,18009.0,-59.2331807508628,10.444407919558405,60.146948041064555,85.06062965502335,-45.0,-10.0
269,18040.0,-60.34663722781813,5.27964663934558,60.57715157831572,85.66902933198483,-45.0,-5.0
270,18071.0,-76.68258816316008,-0.0,76.68258816316009,108.44555617821155,-45.0,0.0
271,18102.0,-73.71442200994636,-6.449176264236163,73.99599912662612,104.64614552622234,-45.0,5.0
272,18132.0,-71.32715723597214,-12.576902277936904,72.427493607565,102.42794374850905,-45.0,10.0
273,18164.0,-77.8521025610913,-20.86040801030935,80.59842737634065,113.98338910156389,-45.0,15.0
274,18195.0,-67.09379416296446,-24.42014397930253,71.39972441930088,100.97445862347675,-45.0,20.0
275,18226.0,-71.50578520224116,-33.34369524219143,78.8979044702278,111.57848654461299,-45.0,25.0
276,18257.0,-61.83397517032268,-35.699862209650426,71.39972441930088,100.97445862347675,-45.0,30.0
277,18288.0,-63.26383085798064,-44.2978112627821,77.23087709912565,109.22095382755316,-45.0,35.0
278,18319.0,-28.33407566123799,-23.775112437093938,36.987508904672374,52.30823673138329,-45.0,40.0
279,18351.0,-47.68003681881098,-47.680036818810976,67.42975472361103,95.36007363762198,-45.0,45.0
280,19303.0,-6.184358691007721e-15,100.9982420288611,120.36501778359477,157.12537159531394,-40.0,-90.0
281,19334.0,-8.10610630983719,92.65321909318287,110.8415924429563,144.69342273623275,-40.0,-85.0
282,19364.0,-17.53816067587531,99.46385179062585,120.36501778359477,157.12537159531394,-40.0,-80.0
283,19396.0,-23.906110752704976,89.21881994046363,110.07765430556314,143.6961723230808,-40.0,-75.0
284,19427.0,-23.336787609572113,64.11729699990777,81.31597221989799,106.1504628749959,-40.0,-70.0
285,19458.0,-15.9203304581675,34.14125884433931,44.89420533003195,58.60522288660374,-40.0,-65.0
286,19488.0,-34.85372991845996,60.3684310520561,83.07411569126592,108.44555617821155,-40.0,-60.0
287,19520.0,-29.41778384287985,42.01294935797923,61.123064615323486,79.79049409517114,-40.0,-55.0
288,19551.0,-39.96816312936855,47.6322019988164,74.10255157538685,96.73401098463111,-40.0,-50.0
289,19581.0,-30.876943690342486,30.876943690342483,52.039818525777775,67.93315843907925,-40.0,-45.0
290,19612.0,-45.95889475237734,38.56409163603525,71.49934762244341,93.33576956884013,-40.0,-40.0
291,19644.0,-53.5485032858412,37.49506566059342,77.90570946366338,101.69868101446886,-40.0,-35.0
292,19675.0,-56.20949219360236,32.45256544898848,77.35092292546155,100.97445862347675,-40.0,-30.0
293,19705.0,-55.15736202138846,25.720300314201115,72.52942685391596,94.6804425061942,-40.0,-25.0
294,19737.0,-67.39594691175238,24.530118586063047,85.47407958912645,111.57848654461299,-40.0,-20.0
295,19768.0,-69.27742569141692,18.562830267722276,85.47407958912645,111.57848654461299,-40.0,-15.0
296,19799.0,-55.403414667110646,9.769116829190704,67.04579474477124,87.52206917890015,-40.0,-10.0
297,19829.0,-76.70117176672946,6.710483008743495,91.7580641457771,119.7816457909162,-40.0,-5.0
298,19861.0,-68.23220229853834,-0.0,81.31597221989799,106.1504628749959,-40.0,0.0
299,19892.0,-64.19761410697066,-5.616563459771868,76.79998437505535,100.25525942380233,-40.0,5.0
300,19922.0,-46.74125290533134,-8.241743999327841,56.56338092577209,73.83824976978124,-40.0,10.0
301,19953.0,-52.06596848498158,-13.9510342086951,64.2386851092481,83.85764779873335,-40.0,15.0
302,19985.0,-49.231766384422095,-17.918897544277055,62.437581354340836,81.50647382823368,-40.0,20.0
303,20016.0,-64.08288651074146,-29.882340736636404,84.26608632889838,110.001563337247,-40.0,25.0
304,20046.0,-59.939681873560254,-34.606191464840535,82.48410600845362,107.67535323749175,-40.0,30.0
305,20078.0,-40.8410525762469,-28.59721288230717,59.41811593147892,77.56484165534297,-40.0,35.0
306,20109.0,-60.67111245166508,-50.90910808130744,94.38749524318283,123.21412431226662,-40.0,40.0
307,20140.0,-43.03410527367335,-43.03410527367334,72.52942685391596,94.6804425061942,-40.0,45.0
308,21093.0,-5.117071535154622e-15,83.56812002803301,119.34764404522113,145.69657107895347,-35.0,-90.0
309,21124.0,-6.380218942283655,72.92623621337087,104.54729290050737,127.62867849674038,-35.0,-85.0
310,21154.0,-12.711880565935015,72.0926571467389,104.54729290050737,127.62867849674038,-35.0,-80.0
311,21185.0,-18.94679710283625,70.7104094284837,104.54729290050737,127.62867849674038,-35.0,-75.0
312,21217.0,-21.27427390400541,58.45058716654758,88.8333990374387,108.44555617821155,-35.0,-70.0
313,21248.0,-23.78651777233894,51.01035197760446,80.38144826960813,98.12762945538111,-35.0,-65.0
314,21278.0,-22.882973628898725,39.63447295351135,65.36054635288816,79.79049409517114,-35.0,-60.0
315,21309.0,-38.03557928436828,54.32043674025221,94.7047913715313,115.61320274032062,-35.0,-55.0
316,21341.0,-27.998795952342526,33.36766566451643,62.20783354865362,75.94174241809873,-35.0,-50.0
317,21371.0,-33.530487617462754,33.53048761746275,67.72173641952,82.67297492775126,-35.0,-45.0
318,21402.0,-37.64169003148991,31.585128222312676,70.17596050954897,85.66902933198483,-35.0,-40.0
319,21434.0,-47.10456373776197,32.98297061326067,82.12430070773088,100.25525942380233,-35.0,-35.0
320,21465.0,-48.74311056405478,28.141848005296715,80.38144826960813,98.12762945538111,-35.0,-30.0
321,21495.0,-50.285897824273746,23.44869925265863,79.23986285033436,96.73401098463111,-35.0,-25.0
322,21526.0,-50.30663060065889,18.31011612486512,76.45618644760167,93.33576956884013,-35.0,-20.0
323,21558.0,-58.81078437324508,15.758302179051908,86.95336866627562,106.1504628749959,-35.0,-15.0
324,21588.0,-67.18314190279887,11.846200566228879,97.42761457927458,118.93715612202357,-35.0,-10.0
325,21619.0,-38.55073082432426,3.372751917767772,55.26645493162426,67.46788379145715,-35.0,-5.0
326,21650.0,-52.77501725416301,-0.0,75.37053569731361,92.01043472061866,-35.0,0.0
327,21682.0,-68.44249033886042,-5.987942008132863,98.11938001792892,119.7816457909162,-35.0,5.0
328,21712.0,-48.73750067540286,-8.593736341370558,70.67812395898778,86.28205771046453,-35.0,10.0
329,21743.0,-69.72286392616428,-18.682185083000775,103.08717960575987,125.84620928979987,-35.0,15.0
330,21774.0,-49.59229427558598,-18.050118965283474,75.37053569731361,92.01043472061866,-35.0,20.0
331,21806.0,-45.82313826915374,-21.367680295601776,72.2075044679207,88.14908657231689,-35.0,25.0
332,21836.0,-52.72830676801579,-30.442702106427078,86.95336866627562,106.1504628749959,-35.0,30.0
333,21867.0,-40.25127734657884,-28.184247820644224,70.17596050954897,85.66902933198483,-35.0,35.0
334,21899.0,-30.897914292373823,-25.926428486878077,57.60343946818347,70.3208151280171,-35.0,40.0
335,21929.0,-37.31757257765572,-37.31757257765571,75.37053569731361,92.01043472061866,-35.0,45.0
336,22883.0,-4.279093702224293e-15,69.88290346577584,121.04073938315497,139.7658069315517,-30.0,-90.0
337,22914.0,-5.002549196661906,57.17939896498236,99.41593178854659,114.79562995970969,-30.0,-85.0
338,22944.0,-11.396601487221167,64.63333881990553,113.67520854347144,131.26082450552016,-30.0,-80.0
339,22975.0,-15.945080998822064,59.50785241840505,106.70656175947673,123.21412431226662,-30.0,-75.0
340,23006.0,-21.0708562285141,57.89170169641726,106.70656175947673,123.21412431226662,-30.0,-70.0
341,23037.0,-19.16664695719645,41.10300704267125,78.55222868000038,90.70430074768652,-30.0,-65.0
342,23068.0,-25.42467025361722,44.036820644950105,88.07364128990022,101.69868101446886,-30.0,-60.0
343,23099.0,-25.280119471874684,36.103752233960336,76.33934829202018,88.14908657231689,-30.0,-55.0
344,23131.0,-36.894604292131135,43.96927721248903,99.41593178854659,114.79562995970969,-30.0,-50.0
345,23161.0,-31.61376499817871,31.613764998178702,77.43759309379662,89.41723043620036,-30.0,-45.0
346,23192.0,-40.65798610994899,34.11610114926916,91.92899747322339,106.1504628749959,-30.0,-40.0
347,23223.0,-36.362487428676964,25.461287805615413,76.8864292717721,88.78080127417348,-30.0,-35.0
348,23255.0,-39.276114340000184,22.676075186921622,78.55222868000038,90.70430074768652,-30.0,-30.0
349,23285.0,-41.9940855561943,19.582163692069617,80.25517472220675,92.67069345945302,-30.0,-25.0
350,23316.0,-47.44247682816656,17.26764940531666,87.44644630131155,100.97445862347675,-30.0,-20.0
351,23347.0,-48.074643340237,12.881561859430754,86.20509210416753,99.54106626371521,-30.0,-15.0
352,23378.0,-39.8502431717607,7.026673058974687,70.08743143658887,80.92999481344805,-30.0,-10.0
353,23409.0,-48.52880360588915,4.245720169991283,84.37542745102091,97.42835150367333,-30.0,-5.0
354,23440.0,-32.60092532950049,-0.0,56.466459044454005,65.201850659001,-30.0,0.0
355,23471.0,-61.806887561804594,-5.4074019894793395,107.46159332087043,124.08595966270127,-30.0,5.0
356,23502.0,-61.10040755789415,-10.773650384740149,107.46159332087043,124.08595966270127,-30.0,10.0
357,23533.0,-47.392005781738256,-12.698649676907861,84.9810199215062,98.12762945538111,-30.0,15.0
358,23564.0,-46.43578570596484,-16.90124380173519,85.59090318794367,98.83186199148494,-30.0,20.0
359,23596.0,-49.493900480740905,-23.079384826130852,94.58812064022827,109.22095382755316,-30.0,25.0
360,23626.0,-39.84168694065275,-23.00260868015466,79.68337388130551,92.01043472061866,-30.0,30.0
361,23657.0,-36.362487428676964,-25.461287805615413,76.8864292717721,88.78080127417348,-30.0,35.0
362,23689.0,-40.36891091808957,-33.87353826239742,91.27538928638027,105.39574114975906,-30.0,40.0
363,23719.0,-25.92362735227142,-25.923627352271414,63.49965929512229,73.32309077497675,-30.0,45.0
364,24672.0,-3.4206181597883765e-15,55.86293390339066,119.79844835578932,132.18296264174637,-25.0,-90.0
365,24704.0,-4.734160653321285,54.111703877137124,116.4861885606998,128.52828832197736,-25.0,-85.0
366,24734.0,-9.170669221280773,52.009449628377325,113.25522602639973,124.96331560463557,-25.0,-80.0
367,24765.0,-13.572727623545179,50.6541090883642,112.4600715042218,124.08595966270127,-25.0,-75.0
368,24796.0,-15.900061400739972,43.68505966647509,99.69527343875222,110.001563337247,-25.0,-70.0
369,24827.0,-13.951756675348017,29.91963874354925,70.79589656233706,78.1146290200353,-25.0,-65.0
370,24858.0,-15.71245615952515,27.21477237999611,67.39094194460944,74.35767727976526,-25.0,-60.0
371,24889.0,-29.867581373598433,42.6553268049125,111.66992033710905,123.21412431226662,-25.0,-55.0
372,24920.0,-25.355014824847146,30.21693000779104,84.5909347692982,93.33576956884013,-25.0,-50.0
373,24951.0,-31.272060526661043,31.27206052666104,94.8416165737858,104.64614552622234,-25.0,-45.0
374,24982.0,-26.764910263960736,22.458426330982448,74.92716095450669,82.67297492775126,-25.0,-40.0
375,25013.0,-37.54261668572027,26.287623207458957,98.28505203383361,108.44555617821155,-25.0,-35.0
376,25043.0,-39.69087302052189,22.915536222769564,98.28505203383361,108.44555617821155,-25.0,-30.0
377,25075.0,-43.042058775091625,20.070841629582784,101.84618761576469,112.37483454574595,-25.0,-25.0
378,25106.0,-31.46369247039491,11.451847519329382,71.80444408631693,79.22743808821897,-25.0,-20.0
379,25137.0,-40.0574542077668,10.733362505817793,88.93383469885885,98.12762945538111,-25.0,-15.0
380,25167.0,-38.84613642354692,6.849621947753157,84.5909347692982,93.33576956884013,-25.0,-10.0
381,25199.0,-29.81202765654225,2.6082144566687653,64.17630985824552,70.81072321808298,-25.0,-5.0
382,25230.0,-40.59019799089291,-0.0,87.04596049632302,96.04459074652416,-25.0,0.0
383,25261.0,-41.31272030911406,-3.6143946864646868,88.93383469885885,98.12762945538111,-25.0,5.0
384,25291.0,-43.55348934377993,-7.679655275307018,94.8416165737858,104.64614552622234,-25.0,10.0
385,25323.0,-42.41451632634966,-11.36493539700206,94.16688250418707,103.9016588526554,-25.0,15.0
386,25354.0,-44.31130516984156,-16.127996123308414,101.12445122114681,111.57848654461299,-25.0,20.0
387,25384.0,-35.24204111334571,-16.433633660166414,83.38977347592404,92.01043472061866,-25.0,25.0
388,25416.0,-31.805141193309236,-18.362706829571138,78.75790375060689,86.89973194219286,-25.0,30.0
389,25447.0,-24.684908747728898,-17.28455918517858,64.6240926952698,71.30479691294596,-25.0,35.0
390,25478.0,-21.25286909501229,-17.83327461908382,59.496449930985,65.64706911050632,-25.0,40.0
391,25509.0,-15.258877127633822,-15.258877127633818,46.27698173747663,51.0609998053622,-25.0,45.0
392,26462.0,-2.4908644288311594e-15,40.67890318360194,111.76436794512708,118.93715612202357,-20.0,-90.0
393,26492.0,-3.725033927414749,42.577332619911104,117.4271055426166,124.96331560463557,-20.0,-85.0
394,26524.0,-8.653090493594393,49.074114799828685,136.90999271670216,145.69657107895347,-20.0,-80.0
395,26555.0,-9.737484347838954,36.34078632404167,103.36765734292474,110.001563337247,-20.0,-75.0
396,26586.0,-8.637434422004583,23.73115603647767,69.38525844041024,73.83824976978124,-20.0,-70.0
397,26616.0,-15.234317629831652,32.67009958641476,99.0396002206903,105.39574114975906,-20.0,-65.0
398,26648.0,-22.922922089055014,39.70366571618619,125.96042165519246,134.04428093714935,-20.0,-60.0
399,26679.0,-21.733684766103185,31.038918577871716,104.1061040029674,110.78740185902348,-20.0,-55.0
400,26710.0,-25.963428061391127,30.942008668224197,110.9758981899063,118.0980841342481,-20.0,-50.0
401,26740.0,-20.280532928102172,20.28053292810217,78.8004128329334,83.85764779873335,-20.0,-45.0
402,26772.0,-26.45557374533911,22.198862172297375,94.88495365633314,100.97445862347675,-20.0,-40.0
403,26803.0,-25.59460390254731,17.92153459005528,85.84559700778237,91.35497620060667,-20.0,-35.0
404,26833.0,-27.448886361115736,15.847621929545614,87.08196680696095,92.67069345945302,-20.0,-30.0
405,26864.0,-30.417162890205027,14.183755995050635,92.20980929443559,98.12762945538111,-20.0,-25.0
406,26896.0,-31.76394816518827,11.561131654903082,92.8715714119297,98.83186199148494,-20.0,-20.0
407,26927.0,-24.39365383561098,6.53625984569632,69.38525844041024,73.83824976978124,-20.0,-15.0
408,26957.0,-31.890653777498144,5.6231826934052505,88.97051315581515,94.6804425061942,-20.0,-10.0
409,26988.0,-33.67385893288915,2.9460809137989696,92.8715714119297,98.83186199148494,-20.0,-5.0
410,27020.0,-19.78532543811803,-0.0,54.35973487779042,57.84842157462816,-20.0,0.0
411,27051.0,-32.490955879996136,-2.842590306620624,89.60915751487421,95.36007363762198,-20.0,5.0
412,27081.0,-29.06187547100367,-5.1243927555274755,81.0786129367474,86.28205771046453,-20.0,10.0
413,27113.0,-32.650695769008124,-8.748727563620001,92.8715714119297,98.83186199148494,-20.0,15.0
414,27144.0,-32.68532603878214,-11.896485775402736,95.56550009295636,101.69868101446886,-20.0,20.0
415,27174.0,-11.414791254282852,-5.322804578112796,34.60400723409211,36.82481533711649,-20.0,25.0
416,27205.0,-9.288858108036903,-5.362924729139342,29.46902919109029,31.360285841602092,-20.0,30.0
417,27237.0,-8.505061212013947,-5.955307973587177,28.526405804639353,30.357166985925033,-20.0,35.0
418,27268.0,-7.980069799009477,-6.696073625117801,28.621135203568127,30.45797590666504,-20.0,40.0
419,27298.0,-7.366101953885155,-7.366101953885154,28.621135203568127,30.45797590666504,-20.0,45.0
420,28252.0,-2.3090132099489515e-15,37.70904740136628,140.7320808069221,145.69657107895347,-15.0,-90.0
421,28282.0,-2.878992353124164,32.90703317545917,123.27983673514579,127.62867849674038,-15.0,-85.0
422,28313.0,-6.731113325030973,38.17404062603465,144.665249345162,149.76848678013158,-15.0,-80.0
423,28345.0,-4.74341902543727,17.702680804520746,68.39790633455333,70.81072321808298,-15.0,-75.0
424,28376.0,-9.599744529453096,26.37508132720541,104.75036345881657,108.44555617821155,-15.0,-70.0
425,28406.0,-9.370620206002604,20.09535988123929,82.74992794487987,85.66902933198483,-15.0,-65.0
426,28437.0,-16.285697859078994,28.207656128640497,121.55810369359696,125.84620928979987,-15.0,-60.0
427,28469.0,-17.531956490346577,25.038228715977937,114.0739895005295,118.0980841342481,-15.0,-55.0
428,28499.0,-12.90412726484863,15.378540027176248,74.9218837669179,77.56484165534297,-15.0,-50.0
429,28530.0,-17.204233526711313,17.20423352671131,90.80251432354392,94.0056802005104,-15.0,-45.0
430,28561.0,-15.270405505093771,12.813391627251686,74.39506899254154,77.01944286794301,-15.0,-40.0
431,28593.0,-20.80424968509764,14.567292456302349,94.78401156347651,98.12762945538111,-15.0,-35.0
432,28623.0,-17.75834442815254,10.252784935955956,76.52782860012891,79.22743808821897,-15.0,-30.0
433,28654.0,-21.582861542354173,10.064253622098756,88.87525518472997,92.01043472061866,-15.0,-25.0
434,28685.0,-22.218475443810043,8.086863712321405,88.24213087218916,91.35497620060667,-15.0,-20.0
435,28717.0,-21.417257332996208,5.738736806465874,82.74992794487987,85.66902933198483,-15.0,-15.0
436,28747.0,-21.222664449884153,3.7421283450369485,80.42591232318581,83.26303131594403,-15.0,-10.0
437,28778.0,-22.890723364715317,2.0026787943205853,85.7556688293616,88.78080127417348,-15.0,-5.0
438,28810.0,-26.321555508350684,-0.0,98.23338249140922,101.69868101446886,-15.0,0.0
439,28840.0,-18.905197554960093,-1.6539904677770247,70.82466704288778,73.32309077497675,-15.0,5.0
440,28871.0,-12.490746095631469,-2.202455545838744,47.33522752106254,49.00503354684787,-15.0,10.0
441,28902.0,-50.27995765460808,-13.47247404902328,194.26683857322672,201.11983061843233,-15.0,15.0
442,28934.0,-11.20897462670992,-4.079733120767528,44.51717708780707,46.08757305810417,-15.0,20.0
443,28964.0,-6.439898463907893,-3.0029739714608623,26.518616088992204,27.454091574373223,-15.0,25.0
444,28995.0,-5.976380906199894,-3.4504651249742473,25.75462231229678,26.66314701537891,-15.0,30.0
445,29027.0,-5.975642421726085,-4.184189869338329,27.224983788086455,28.185377227856577,-15.0,35.0
446,29058.0,-5.502628884412536,-4.6172538674160055,26.807962326846454,27.753644842314998,-15.0,40.0
447,29088.0,-5.305023772070617,-5.305023772070616,27.999474449255782,28.98718896131524,-15.0,45.0
448,30042.0,-1.6706958885779254e-15,27.284534442765523,154.73828414198934,157.12537159531394,-10.0,-90.0
449,30072.0,-1.97268812201306,22.54792841164534,128.36412070447398,130.34434417463683,-10.0,-85.0
450,30103.0,-4.454322030402532,25.261715549744515,145.47642186143926,147.7206301600226,-10.0,-80.0
451,30134.0,-6.639075572098309,24.777367350360304,145.47642186143926,147.7206301600226,-10.0,-75.0
452,30164.0,-6.170841563590337,16.9542478549965,102.32315918892456,103.9016588526554,-10.0,-70.0
453,30196.0,-10.256978038818174,21.996160387760135,137.64245027219954,139.7658069315517,-10.0,-65.0
454,30227.0,-9.826443278598187,17.019899016225754,111.45705823483706,113.17646301415277,-10.0,-60.0
455,30258.0,-11.930312161965599,17.038251533922374,117.96189344345639,119.7816457909162,-10.0,-55.0
456,30289.0,-12.813361602142157,15.270369722561616,113.0516263962426,114.79562995970969,-10.0,-50.0
457,30320.0,-8.17146130862181,8.17146130862181,65.53841823088158,66.54945397253502,-10.0,-45.0
458,30351.0,-11.894478638320129,9.980652638460453,88.05878178644929,89.41723043620036,-10.0,-40.0
459,30382.0,-10.213572171655644,7.151620226642197,70.71220364314782,71.80305336433642,-10.0,-35.0
460,30413.0,-13.351188330360555,7.708312176535055,87.43202141344216,88.78080127417348,-10.0,-30.0
461,30444.0,-9.920336511522459,4.625928886797566,62.07717169268013,63.03481212734786,-10.0,-25.0
462,30475.0,-14.800756921227153,5.387034963936163,89.3262986078727,90.70430074768652,-10.0,-20.0
463,30505.0,-16.577192690218073,4.441845394119043,97.33038393384693,98.83186199148494,-10.0,-15.0
464,30537.0,-14.340502359538114,2.5286174828999735,82.58366170155972,83.85764779873335,-10.0,-10.0
465,30568.0,-13.705348042242372,1.199062583373424,78.02379528057276,79.22743808821897,-10.0,-5.0
466,30599.0,-17.913939143657778,-0.0,101.59499738316441,103.16226397732777,-10.0,0.0
467,30629.0,-15.803259255031518,-1.3826060315763968,89.9670888386032,91.35497620060667,-10.0,5.0
468,30661.0,-11.074713477398742,-1.9527707896810649,63.77673308291686,64.76059199152778,-10.0,10.0
469,30692.0,-14.472198211727694,-3.8778138235355732,84.97123937911223,86.28205771046453,-10.0,15.0
470,30723.0,-17.07573014630713,-6.21505750161786,103.05633543706755,104.64614552622234,-10.0,20.0
471,30754.0,-4.6575865806725565,-2.1718682910875673,29.14516070156585,29.594771784056576,-10.0,25.0
472,30785.0,-3.959541202648469,-2.2860421792165075,25.929578899739663,26.32958444978675,-10.0,30.0
473,30816.0,-4.425120321580972,-3.098502606655971,30.636686564319053,31.10930683741202,-10.0,35.0
474,30848.0,-3.8389079715762238,-3.2212262630731288,28.420712638736934,28.859147942131017,-10.0,40.0
475,30878.0,-3.8303407771710907,-3.83034077717109,30.720879208737035,31.194798289079074,-10.0,45.0
476,31831.0,-7.668705575834422e-16,12.523946628813587,143.14936500433092,143.6961723230808,-5.0,-90.0
477,31862.0,-1.2859684525702306,14.698686672578814,168.64851596911853,169.29272590204718,-5.0,-85.0
478,31893.0,-2.3942773385974645,13.57862154151047,157.598631757464,158.20063292783135,-5.0,-80.0
479,31924.0,-1.737371174491591,6.483957494808232,76.72636063502493,77.01944286794301,-5.0,-75.0
480,31954.0,-3.595908846394225,9.87967835788525,120.17253074802602,120.63157029265639,-5.0,-70.0
481,31986.0,-2.5022233621634378,5.366035316820188,67.67465226163726,67.93315843907925,-5.0,-65.0
482,32017.0,-5.219829153222103,9.041009300209911,119.32584046561416,119.7816457909162,-5.0,-60.0
483,32048.0,-4.767095885709255,6.808118487124206,94.99719976743745,95.36007363762198,-5.0,-55.0
484,32078.0,-5.616563459771869,6.693559681216489,99.8737578938044,100.25525942380233,-5.0,-50.0
485,32110.0,-5.793421233088706,5.793421233088705,93.64796020625664,94.0056802005104,-5.0,-45.0
486,32141.0,-4.504504893997406,3.779728395189475,67.21114812451964,67.46788379145715,-5.0,-40.0
487,32172.0,-6.204102503213363,4.344159340575727,86.56905222640643,86.89973194219286,-5.0,-35.0
488,32202.0,-6.284617609989521,3.6284256688813117,82.94619034399042,83.26303131594403,-5.0,-30.0
489,32234.0,-6.623909590145222,3.088779768811055,83.5385441315431,83.85764779873335,-5.0,-25.0
490,32265.0,-6.6281348764873265,2.412443803743078,80.62203174974941,80.92999481344805,-5.0,-20.0
491,32295.0,-7.970766107103541,2.1357603414557573,94.320154837651,94.6804425061942,-5.0,-15.0
492,32326.0,-6.995835230327386,1.2335545036975364,81.19631708784001,81.50647382823368,-5.0,-10.0
493,32358.0,-5.8982345830524805,0.5160286608336471,67.67465226163726,67.93315843907925,-5.0,-5.0
494,32389.0,-8.31117804635832,-0.0,94.99719976743745,95.36007363762198,-5.0,0.0
495,32419.0,-8.70457155023431,-0.7615513314957801,99.8737578938044,100.25525942380233,-5.0,5.0
496,32451.0,-9.241953359487088,-1.6296057317268127,107.26561601034516,107.67535323749175,-5.0,10.0
497,32482.0,-6.002864408564926,-1.6084626705485008,71.03346063318543,71.30479691294596,-5.0,15.0
498,32513.0,-7.979343827325404,-2.9042436421222027,97.05760721177832,97.42835150367333,-5.0,20.0
499,32543.0,-2.8651827831287253,-1.3360566737867772,36.13473208170538,36.27276088792988,-5.0,25.0
500,32575.0,-2.373086374827952,-1.370102057317151,31.32067635051192,31.440316245918638,-5.0,30.0
501,32606.0,-2.221011781159588,-1.5551691916205177,30.99092653273914,31.10930683741202,-5.0,35.0
502,32636.0,-2.1240685718139205,-1.782305155204312,31.692958663906044,31.814020617270188,-5.0,40.0
503,32668.0,-1.6729029330629481,-1.672902933062948,27.041697988337912,27.144992881549626,-5.0,45.0
504,33620.0,0.0,-0.0,96.73401098463111,96.73401098463111,0.0,-90.0
505,33651.0,0.0,-0.0,136.87912071358616,136.87912071358616,0.0,-85.0
506,33683.0,0.0,-0.0,127.62867849674038,127.62867849674038,0.0,-80.0
507,33714.0,0.0,-0.0,136.87912071358616,136.87912071358616,0.0,-75.0
508,33744.0,0.0,-0.0,110.78740185902348,110.78740185902348,0.0,-70.0
509,33775.0,0.0,-0.0,92.67069345945302,92.67069345945302,0.0,-65.0
510,33807.0,0.0,-0.0,71.80305336433642,71.80305336433642,0.0,-60.0
511,33838.0,0.0,-0.0,108.44555617821155,108.44555617821155,0.0,-55.0
512,33868.0,0.0,-0.0,103.16226397732777,103.16226397732777,0.0,-50.0
513,33899.0,0.0,-0.0,86.89973194219286,86.89973194219286,0.0,-45.0
514,33931.0,0.0,-0.0,96.04459074652416,96.04459074652416,0.0,-40.0
515,33961.0,0.0,-0.0,68.40249578111604,68.40249578111604,0.0,-35.0
516,33992.0,0.0,-0.0,98.83186199148494,98.83186199148494,0.0,-30.0
517,34023.0,0.0,-0.0,96.73401098463111,96.73401098463111,0.0,-25.0
518,34055.0,0.0,-0.0,94.6804425061942,94.6804425061942,0.0,-20.0
519,34085.0,0.0,-0.0,88.78080127417348,88.78080127417348,0.0,-15.0
520,34116.0,0.0,-0.0,107.67535323749175,107.67535323749175,0.0,-10.0
521,34148.0,0.0,-0.0,104.64614552622234,104.64614552622234,0.0,-5.0
522,34179.0,0.0,0.0,104.64614552622234,104.64614552622234,0.0,0.0
523,34209.0,0.0,0.0,73.32309077497675,73.32309077497675,0.0,5.0
524,34240.0,0.0,0.0,72.81218314362138,72.81218314362138,0.0,10.0
525,34272.0,0.0,0.0,98.12762945538111,98.12762945538111,0.0,15.0
526,34302.0,0.0,0.0,78.1146290200353,78.1146290200353,0.0,20.0
527,34333.0,0.0,0.0,92.01043472061866,92.01043472061866,0.0,25.0
528,34365.0,0.0,0.0,31.021960733167276,31.021960733167276,0.0,30.0
529,34396.0,0.0,0.0,32.86468123266701,32.86468123266701,0.0,35.0
530,34426.0,0.0,0.0,33.0878141735821,33.0878141735821,0.0,40.0
531,34457.0,0.0,0.0,33.18198393014012,33.18198393014012,0.0,45.0
532,35410.0,7.992769821820783e-16,-13.053183705515192,149.19857247159075,149.76848678013158,5.0,-90.0
533,35441.0,0.8296558533952031,-9.483009797599273,108.8053351235318,109.22095382755316,5.0,-85.0
534,35472.0,2.3297366663228116,-13.212593200213327,153.35036799987003,153.93614149284207,5.0,-80.0
535,35504.0,1.7496740436963973,-6.529872427759443,77.26968401537844,77.56484165534297,5.0,-75.0
536,35534.0,2.742740854402959,-7.535618564887805,91.66030723779697,92.01043472061866,5.0,-70.0
537,35565.0,2.5195107500747964,-5.40310823983363,68.14220363339079,68.40249578111604,5.0,-65.0
538,35596.0,4.862352934727665,-8.42184232727995,111.15389671684463,111.57848654461299,5.0,-60.0
539,35628.0,4.132861727174054,-5.902338237804398,82.35837929849761,82.67297492775126,5.0,-55.0
540,35658.0,5.862552454071126,-6.986717948911266,104.24793534895993,104.64614552622234,5.0,-50.0
541,35689.0,6.267528693049552,-6.2675286930495515,101.31168682953754,101.69868101446886,5.0,-45.0
542,35720.0,5.21533667487129,-4.37618708034984,77.81737927316277,78.1146290200353,5.0,-40.0
543,35751.0,5.576900579660808,-3.904987825724598,77.81737927316277,78.1146290200353,5.0,-35.0
544,35782.0,5.651979007810955,-3.2631716016137684,74.59644415866175,74.88139045665923,5.0,-30.0
545,35813.0,8.876480127669316,-4.139170660992862,111.94721437340925,112.37483454574595,5.0,-25.0
546,35845.0,7.535618564887806,-2.742740854402958,91.66030723779697,92.01043472061866,5.0,-20.0
547,35875.0,7.91396057922334,-2.120539346134634,93.64796020625664,94.0056802005104,5.0,-15.0
548,35906.0,7.353114242332051,-1.2965524331548226,85.34303281118952,85.66902933198483,5.0,-10.0
549,35937.0,9.96702597331543,-0.8720017817335387,114.35879792996474,114.79562995970969,5.0,-5.0
550,35969.0,9.120512539017433,0.0,104.24793534895993,104.64614552622234,5.0,0.0
551,35999.0,7.49136104338754,0.6554091656761474,85.95372843161077,86.28205771046453,5.0,5.0
552,36030.0,7.405731480275587,1.305830271854625,85.95372843161077,86.28205771046453,5.0,10.0
553,36061.0,4.125536912727596,1.1054342841101463,48.81855459917798,49.00503354684787,5.0,15.0
554,36092.0,3.945273462415069,1.4359621063594439,47.98875826691691,48.1720675274035,5.0,20.0
555,36123.0,2.6186612224624937,1.2211017821477912,33.02568417052437,33.15183691881367,5.0,25.0
556,36154.0,2.5330521996627207,1.462458369346645,33.43195130448645,33.559655927226686,5.0,30.0
557,36186.0,2.3940215829198537,1.676311958997223,33.405021811872146,33.53262356832548,5.0,35.0
558,36216.0,2.236687634497754,1.8768037691658481,33.37333346242704,33.500814174533474,5.0,40.0
559,36247.0,2.025720526932413,2.0257205269324126,32.74483032783458,32.86991026007138,5.0,45.0
560,37200.0,9.853567567250283e-16,-16.09209704236474,91.26281739588705,92.67069345945302,10.0,-90.0
561,37231.0,2.410643448711581,-27.55378070208237,156.8621634473522,159.2820151624128,10.0,-85.0
562,37262.0,3.7681050310094855,-21.36998555677411,123.06484204955655,124.96331560463557,10.0,-80.0
563,37294.0,5.940759102988837,-22.17121480788165,130.17480642571488,132.18296264174637,10.0,-75.0
564,37324.0,4.542142929516315,-12.47943513478154,75.31653652850135,76.47841550610508,10.0,-70.0
565,37355.0,8.484493507669232,-18.19505504421509,113.85677840924,115.61320274032062,10.0,-65.0
566,37386.0,8.103793148384812,-14.036181467031044,91.91778950475468,93.33576956884013,10.0,-60.0
567,37417.0,8.71724210725958,-12.449511939771197,86.19241228705168,87.52206917890015,10.0,-55.0
568,37448.0,11.59738856268963,-13.821229484296367,102.32315918892456,103.9016588526554,10.0,-50.0
569,37479.0,12.487357708307703,-12.487357708307702,100.15364953416437,101.69868101446886,10.0,-45.0
570,37511.0,15.379125070125053,-12.90461817417119,113.85677840924,115.61320274032062,10.0,-40.0
571,37541.0,12.449511939771199,-8.71724210725958,86.19241228705168,87.52206917890015,10.0,-35.0
572,37572.0,12.975417944989417,-7.491361043387539,84.97123937911223,86.28205771046453,10.0,-30.0
573,37604.0,17.56007667212053,-8.188398229998747,109.8833586185032,111.57848654461299,10.0,-25.0
574,37635.0,15.560466904726821,-5.663546784604909,93.9113398461452,95.36007363762198,10.0,-20.0
575,37665.0,12.384982632904082,-3.318546094760128,72.71648084213246,73.83824976978124,10.0,-15.0
576,37697.0,14.340502359538114,-2.5286174828999735,82.58366170155972,83.85764779873335,10.0,-10.0
577,37728.0,16.85387662103802,-1.474523140805432,95.9481959240161,97.42835150367333,10.0,-5.0
578,37758.0,17.786425774099445,0.0,100.87183312863004,102.42794374850905,10.0,0.0
579,37790.0,14.30138248078595,1.2512088398170262,81.41698667343333,82.67297492775126,10.0,5.0
580,37821.0,9.765739539725372,1.7219633674250492,56.23865260743917,57.10622447419138,10.0,10.0
581,37852.0,9.959339682936756,2.668597025190137,58.47469913526594,59.376765623961404,10.0,15.0
582,37883.0,7.6024241048522265,2.767056082434088,45.88254569330596,46.59035791804655,10.0,20.0
583,37914.0,8.760499893793957,4.085088189742174,54.81941619511587,55.665094052561045,10.0,25.0
584,37945.0,11.999192374343314,6.927736947385216,78.57829720159934,79.79049409517114,10.0,30.0
585,37977.0,14.159145282712696,9.91434026156188,98.02881379960868,99.54106626371521,10.0,35.0
586,38007.0,10.842172220111994,9.097662711056522,80.26820734673115,81.50647382823368,10.0,40.0
587,38038.0,9.937216338363648,9.937216338363646,79.70048634352142,80.92999481344805,10.0,45.0
588,38991.0,1.9527092407352723e-15,-31.89016199764413,119.01570483681012,123.21412431226662,15.0,-90.0
589,39022.0,2.1820838481759774,-24.94133251366218,93.43787949058562,96.73401098463111,15.0,-85.0
590,39053.0,6.325325622932578,-35.87270420849958,135.94405029968394,140.73963714373298,15.0,-80.0
591,39085.0,6.207759368623139,-23.167673364863255,89.51301615260311,92.67069345945302,15.0,-75.0
592,39115.0,10.234234113891084,-28.118327133327927,111.67377838686977,115.61320274032062,15.0,-70.0
593,39146.0,10.20922094115564,-21.893744961319378,90.15543034310798,93.33576956884013,15.0,-65.0
594,39178.0,12.340501599897694,-21.374375761907814,92.11075792340641,95.36007363762198,15.0,-60.0
595,39208.0,13.179732393859679,-18.82260854768517,85.7556688293616,88.78080127417348,15.0,-55.0
596,39239.0,18.04161819151393,-21.501163295949777,104.75036345881657,108.44555617821155,15.0,-50.0
597,39270.0,19.426883017862718,-19.426883017862714,102.53347356349748,106.1504628749959,15.0,-45.0
598,39302.0,17.2293397047352,-14.45713259167137,83.93869538056119,86.89973194219286,15.0,-40.0
599,39332.0,24.33806830649887,-17.04169889367333,110.88406372320671,114.79562995970969,15.0,-35.0
600,39363.0,19.75807722868941,-11.407331206653243,85.1454792839918,88.14908657231689,15.0,-30.0
601,39395.0,27.119356133780954,-12.645963449414793,111.67377838686977,115.61320274032062,15.0,-25.0
602,39426.0,21.438769915505734,-7.803074108525832,85.1454792839918,88.14908657231689,15.0,-20.0
603,39456.0,23.84001840940549,-6.387913680343299,92.11075792340641,95.36007363762198,15.0,-15.0
604,39488.0,21.072266745942667,-3.7156091719954607,79.85596161886356,82.67297492775126,15.0,-10.0
605,39519.0,28.768745407677944,-2.5169390870353068,107.77654181168899,111.57848654461299,15.0,-5.0
606,39549.0,28.67388955854169,0.0,107.01241268309631,110.78740185902348,15.0,0.0
607,39581.0,25.120357218487992,2.197746480339312,94.10856093016744,97.42835150367333,15.0,5.0
608,39612.0,15.539090312977546,2.7399608778434867,58.88730503395487,60.96462423019625,15.0,10.0
609,39643.0,11.162663128500155,2.991026570662286,43.12921842393212,44.650652514000626,15.0,15.0
610,39674.0,17.221900551148725,6.26825917811084,68.39790633455333,70.81072321808298,15.0,20.0
611,39705.0,15.504181992551814,7.229718796555736,63.844088899633356,66.0962644977742,15.0,25.0
612,39736.0,17.75834442815254,10.252784935955956,76.52782860012891,79.22743808821897,15.0,30.0
613,39768.0,19.36836490804834,13.561875111411856,88.24213087218916,91.35497620060667,15.0,35.0
614,39798.0,17.602293473458133,14.770077961452959,85.7556688293616,88.78080127417348,15.0,40.0
615,39829.0,13.89830346633921,13.898303466339208,73.3540902950336,75.94174241809873,15.0,45.0
616,40782.0,1.4325325166649578e-15,-23.39503141089076,64.27732052885398,68.40249578111604,20.0,-90.0
617,40813.0,4.464451761816587,-51.02891714071864,140.73634185356153,149.76848678013158,20.0,-85.0
618,40844.0,8.358692364698221,-47.40450004369036,132.25199847605222,140.73963714373298,20.0,-80.0
619,40876.0,12.032565542664722,-44.90614595062733,127.73094852229288,135.92843627468903,20.0,-75.0
620,40906.0,11.561131654903086,-31.763948165188268,92.8715714119297,98.83186199148494,20.0,-70.0
621,40937.0,13.685485947889022,-29.348619325784323,88.97051315581515,94.6804425061942,20.0,-65.0
622,40969.0,12.279045301445494,-21.26793033054349,67.47279939636373,71.80305336433642,20.0,-60.0
623,40999.0,23.66486150579469,-33.79692478932887,113.35659643782581,120.63157029265639,20.0,-55.0
624,41030.0,25.780148467184457,-30.72358455337919,110.19250327229862,117.2644126758594,20.0,-50.0
625,41061.0,21.625088871482184,-21.62508887148218,84.0247116120106,89.41723043620036,20.0,-45.0
626,41093.0,30.076756988283122,-25.23739569587704,107.87260637160894,114.79562995970969,20.0,-40.0
627,41123.0,16.419220154021144,-11.496861723370396,55.07089548605497,58.60522288660374,20.0,-35.0
628,41154.0,36.75402954960883,-21.219948854270115,116.60266063817828,124.08595966270127,20.0,-30.0
629,41186.0,30.417162890205027,-14.183755995050635,92.20980929443559,98.12762945538111,20.0,-25.0
630,41217.0,26.1956757430144,-9.534446236946426,76.59103200267096,81.50647382823368,20.0,-20.0
631,41247.0,24.223462773001245,-6.490657287911047,68.90116733446096,73.32309077497675,20.0,-15.0
632,41279.0,30.770556619172236,-5.425679343377512,85.84559700778237,91.35497620060667,20.0,-10.0
633,41310.0,30.684573782431332,-2.6845523510875235,84.62720566000768,90.05839121012787,20.0,-5.0
634,41340.0,44.58039127629958,0.0,122.48361838208494,130.34434417463683,20.0,0.0
635,41372.0,21.47713630671414,1.8790059518385194,59.23334780869488,63.03481212734786,20.0,5.0
636,41403.0,15.276942021715644,2.693737061147392,42.62055524502037,45.35584754233233,20.0,10.0
637,41434.0,20.14064450777562,5.396669430900803,57.28800751810121,60.96462423019625,20.0,15.0
638,41465.0,19.209099608348186,6.991540484493305,56.163649958059466,59.76810790648457,20.0,20.0
639,41496.0,21.797731181241677,10.164448980217,66.07995106344775,70.3208151280171,20.0,25.0
640,41527.0,24.838478692781383,14.340502359538112,78.8004128329334,83.85764779873335,20.0,30.0
641,41559.0,23.16219799646739,16.2183456386323,77.68718447802628,82.67297492775126,20.0,35.0
642,41589.0,21.203871505573872,17.79216075985747,76.04931892643897,80.92999481344805,20.0,40.0
643,41620.0,20.13672804595542,20.136728045955415,78.24165611185862,83.26303131594403,20.0,45.0
644,42573.0,3.4206181597883765e-15,-55.86293390339066,119.79844835578932,132.18296264174637,25.0,-90.0
645,42604.0,4.868775496413345,-55.6503585744074,119.79844835578932,132.18296264174637,25.0,-85.0
646,42635.0,9.700496671451972,-55.014250414067654,119.79844835578932,132.18296264174637,25.0,-80.0
647,42667.0,12.735976003785263,-47.531309530104636,105.52696641293326,116.43612459512707,25.0,-75.0
648,42697.0,17.935875798036374,-49.27841375324758,112.4600715042218,124.08595966270127,25.0,-70.0
649,42728.0,14.050738995198632,-30.131907013476987,71.29816607869311,78.66882211375054,25.0,-65.0
650,42760.0,20.150454280098455,-34.90161060872426,86.42557731016515,95.36007363762198,25.0,-60.0
651,42790.0,27.047057673098358,-38.62720150407443,101.12445122114681,111.57848654461299,25.0,-55.0
652,42821.0,26.090876343269425,-31.09389561602262,87.04596049632302,96.04459074652416,25.0,-50.0
653,42852.0,32.87245344213594,-32.872453442135935,99.69527343875222,110.001563337247,25.0,-45.0
654,42884.0,23.084526623515984,-19.370217775694357,64.6240926952698,71.30479691294596,25.0,-40.0
655,42914.0,33.01257163378902,-23.115651513667107,86.42557731016515,95.36007363762198,25.0,-35.0
656,42945.0,36.9564651312617,-21.336825091830956,91.51393814226698,100.97445862347675,25.0,-30.0
657,42977.0,28.883478385801656,-13.46858716545369,68.34413228343485,75.4094064521936,25.0,-25.0
658,43008.0,27.164769471254044,-9.887167508239715,61.99371457916707,68.40249578111604,25.0,-20.0
659,43038.0,40.0574542077668,-10.733362505817793,88.93383469885885,98.12762945538111,25.0,-15.0
660,43070.0,39.688647203517974,-6.998179329799785,86.42557731016515,95.36007363762198,25.0,-10.0
661,43101.0,39.29529903488318,-3.4378931954134604,84.5909347692982,93.33576956884013,25.0,-5.0
662,43131.0,43.910738456284385,0.0,94.16688250418707,103.9016588526554,25.0,0.0
663,43163.0,21.49719518723151,1.8807608764868105,46.27698173747663,51.0609998053622,25.0,5.0
664,43194.0,27.697732389970135,4.8838575247944895,60.31428835834561,66.54945397253502,25.0,10.0
665,43225.0,26.981677873181734,7.229718796555737,59.90355920836683,66.0962644977742,25.0,15.0
666,43256.0,25.372670816532956,9.234896941052735,57.90390065249068,63.88988540175603,25.0,20.0
667,43287.0,26.381005197438448,12.30166475339237,62.42277626333315,68.87591296929776,25.0,25.0
668,43318.0,37.4884379991962,21.643959770334515,92.8312430294257,102.42794374850905,25.0,30.0
669,43350.0,26.105877831268767,18.27953244903614,68.34413228343485,75.4094064521936,25.0,35.0
670,43380.0,24.75945652058179,20.775650834570076,69.3129835134075,76.47841550610508,25.0,40.0
671,43411.0,29.324091701949012,29.32409170194901,88.93383469885885,98.12762945538111,25.0,45.0
672,44364.0,4.279093702224293e-15,-69.88290346577584,121.04073938315497,139.7658069315517,30.0,-90.0
673,44395.0,5.923471912024118,-67.70559376837345,117.71747891057491,135.92843627468903,30.0,-85.0
674,44426.0,12.649972030090332,-71.7415563929238,126.17693179865886,145.69657107895347,30.0,-80.0
675,44457.0,18.854523700683135,-70.36604040346104,126.17693179865886,145.69657107895347,30.0,-75.0
676,44488.0,18.152798263296088,-49.87440332832107,91.92899747322339,106.1504628749959,30.0,-70.0
677,44519.0,31.214717970734743,-66.94017870999474,127.92981838162531,147.7206301600226,30.0,-65.0
678,44550.0,23.5014200501276,-40.705653576838905,81.41130715367784,94.0056802005104,30.0,-60.0
679,44581.0,31.99939534285113,-45.69987267584573,96.62980386345502,111.57848654461299,30.0,-55.0
680,44612.0,34.853729918459955,-41.53705784563295,93.91660657786369,108.44555617821155,30.0,-50.0
681,44643.0,29.022300332305978,-29.022300332305974,71.08982697595633,82.0874614824246,30.0,-45.0
682,44675.0,38.399992187527666,-32.22141928176489,86.82360152401206,100.25525942380233,30.0,-40.0
683,44705.0,37.6852678486568,-26.3875086270815,79.68337388130551,92.01043472061866,30.0,-35.0
684,44736.0,44.036820644950105,-25.424670253617208,88.07364128990022,101.69868101446886,30.0,-30.0
685,44768.0,46.08515326738471,-21.48985989582835,88.07364128990022,101.69868101446886,30.0,-25.0
686,44798.0,49.87440332832108,-18.152798263296084,91.92899747322339,106.1504628749959,30.0,-20.0
687,44829.0,31.276964165192837,-8.380637289760584,56.084317828782126,64.76059199152778,30.0,-15.0
688,44861.0,50.07682476708218,-8.82989531464648,88.07364128990022,101.69868101446886,30.0,-10.0
689,44892.0,59.662920232807075,-5.2198291532221015,103.73394816204282,119.7816457909162,30.0,-5.0
690,44922.0,45.35215037384325,0.0,78.55222868000038,90.70430074768652,30.0,0.0
691,44953.0,48.52880360588915,4.245720169991283,84.37542745102091,97.42835150367333,30.0,5.0
692,44985.0,30.421309528231852,5.364097658310779,53.50410125683037,61.78121452676001,30.0,10.0
693,45016.0,36.67704514751679,9.827584628036952,65.76747814172779,75.94174241809873,30.0,15.0
694,45046.0,35.68094747995578,12.986802813119569,65.76747814172779,75.94174241809873,30.0,20.0
695,45078.0,30.996857289583527,14.454071932870391,59.23829902870439,68.40249578111604,30.0,25.0
696,45109.0,41.29212313846769,23.840018409405488,82.58424627693539,95.36007363762198,30.0,30.0
697,45139.0,51.90747703820738,36.346006711600225,109.75543325528422,126.73465786992469,30.0,35.0
698,45171.0,48.88461997252328,41.019066589185776,110.52967782961389,127.62867849674038,30.0,40.0
699,45202.0,38.06898622044364,38.068986220443634,93.24959126513086,107.67535323749175,30.0,45.0
700,46155.0,4.774000698358003e-15,-77.9653480772064,111.34605645141747,135.92843627468903,35.0,-90.0
701,46186.0,7.035642062669378,-80.41775675981874,115.2871614787798,140.73963714373298,35.0,-85.0
702,46217.0,15.332117111028918,-86.95275702802786,126.09710499382108,153.93614149284207,35.0,-80.0
703,46247.0,12.18608933127915,-45.47910452990684,67.24211188382199,82.0874614824246,35.0,-75.0
704,46279.0,23.498127825919124,-64.5605756011711,98.11938001792892,119.7816457909162,35.0,-70.0
705,46310.0,21.064831890128858,-45.173677767751784,71.18409306861268,86.89973194219286,35.0,-65.0
706,46341.0,22.402355270097928,-38.802017537018,63.987758050638114,78.1146290200353,35.0,-60.0
707,46372.0,37.233916456479996,-53.17554357052431,92.70873104344072,113.17646301415277,35.0,-55.0
708,46403.0,24.704537877047795,-29.441721768351442,54.88863816742875,67.0066546865192,35.0,-50.0
709,46434.0,36.26582133458956,-36.26582133458955,73.24630710647338,89.41723043620036,35.0,-45.0
710,46466.0,35.30810638811797,-29.627019047837944,65.82542594359295,80.35800728633737,35.0,-40.0
711,46496.0,33.502295742866565,-23.458560026486236,58.40947015885107,71.30479691294596,35.0,-35.0
712,46527.0,33.977692452381895,-19.617029883824998,56.03204425357035,68.40249578111604,35.0,-30.0
713,46559.0,37.06685679057252,-17.28455918517858,58.40947015885107,71.30479691294596,35.0,-25.0
714,46589.0,47.851568533286084,-17.41654660906537,72.72497485735394,88.78080127417348,35.0,-20.0
715,46620.0,37.637163555838505,-10.08484758018501,55.64758561037974,67.93315843907925,35.0,-15.0
716,46652.0,53.100285549963324,-9.363013025782363,77.0049451110253,94.0056802005104,35.0,-10.0
717,46683.0,54.09981828785874,-4.733120799000103,77.55767803313533,94.6804425061942,35.0,-5.0
718,46713.0,72.69201342320045,0.0,103.81495407641478,126.73465786992469,35.0,0.0
719,46744.0,30.63213598679939,2.67996463842944,43.91433124026926,53.60949966057407,35.0,5.0
720,46776.0,37.59129237295348,6.628359085052035,54.51412126791823,66.54945397253502,35.0,10.0
721,46807.0,38.1594800101612,10.224801852314263,56.41984491107094,68.87591296929776,35.0,15.0
722,46837.0,36.36421409480852,13.235491522993792,55.26645493162426,67.46788379145715,35.0,20.0
723,46869.0,40.60685805850257,18.935288886292764,63.987758050638114,78.1146290200353,35.0,25.0
724,46900.0,51.98106455640161,30.01128161440178,85.72110403476836,104.64614552622234,35.0,30.0
725,46931.0,48.817811055627566,34.18259930004773,85.1112562541701,103.9016588526554,35.0,35.0
726,46962.0,59.72492165038087,50.11515972892652,111.34605645141747,135.92843627468903,35.0,40.0
727,46993.0,42.442361483285325,42.44236148328532,85.72110403476836,104.64614552622234,35.0,45.0
728,47946.0,6.312046999591852e-15,-103.08355035895322,122.85019147764869,160.36953545078876,40.0,-90.0
729,47977.0,8.923397648180023,-101.99490183703529,122.01710260395913,159.2820151624128,40.0,-85.0
730,48008.0,14.75411649873425,-83.67475266379321,101.25802400671328,132.18296264174637,40.0,-80.0
731,48038.0,22.613826099129653,-84.39594795547899,104.12722327007766,135.92843627468903,40.0,-75.0
732,48070.0,15.03803631914798,-41.316665219797564,52.39935178859329,68.40249578111604,40.0,-70.0
733,48101.0,29.250416964673477,-62.72772160853247,82.48410600845362,107.67535323749175,40.0,-65.0
734,48132.0,26.195675743014405,-45.37224132550053,62.437581354340836,81.50647382823368,40.0,-60.0
735,48163.0,30.917293901865715,-44.154471659809644,64.2386851092481,83.85764779873335,40.0,-55.0
736,48194.0,39.40048531413232,-46.95566992307259,73.05005450551688,95.36007363762198,40.0,-50.0
737,48225.0,30.455829688667702,-30.455829688667695,51.330075474600264,67.0066546865192,40.0,-45.0
738,48257.0,46.9556699230726,-39.40048531413231,73.05005450551688,95.36007363762198,40.0,-40.0
739,48287.0,49.85311447575727,-34.90752655915684,72.52942685391596,94.6804425061942,40.0,-35.0
740,48318.0,53.08413026211577,-30.648136896529696,73.05005450551688,95.36007363762198,40.0,-30.0
741,48350.0,53.98655575127632,-25.174344384231933,70.98986976459622,92.67069345945302,40.0,-25.0
742,48380.0,59.696695395707025,-21.727820208093608,75.70959868167878,98.83186199148494,40.0,-20.0
743,48411.0,53.5712486039975,-14.354372800968038,66.09589084997233,86.28205771046453,40.0,-15.0
744,48442.0,51.963187229783394,-9.16251191221637,62.88264371835452,82.0874614824246,40.0,-10.0
745,48474.0,67.48927844521639,-5.904546773500932,80.73782183617915,105.39574114975906,40.0,-5.0
746,48504.0,66.78669893636462,0.0,79.59328839492045,103.9016588526554,40.0,0.0
747,48535.0,46.95182590674913,4.107752498683336,56.168746240479344,73.32309077497675,40.0,5.0
748,48567.0,42.12728319726508,7.4281766516242,50.979839408262656,66.54945397253502,40.0,10.0
749,48598.0,41.31956791279183,11.0715448538355,50.979839408262656,66.54945397253502,40.0,15.0
750,48628.0,38.07446205168239,13.857970872510469,48.287467553203605,63.03481212734786,40.0,20.0
751,48660.0,44.55352699282572,20.775650834570076,58.58586521699609,76.47841550610508,40.0,25.0
752,48691.0,39.69326976428838,22.916919983428325,54.62264344288952,71.30479691294596,40.0,30.0
753,48721.0,63.069921745649715,44.162034640600424,91.7580641457771,119.7816457909162,40.0,35.0
754,48753.0,58.9809467217282,49.490890640688924,91.7580641457771,119.7816457909162,40.0,40.0
755,48784.0,36.01041377715146,36.01041377715146,60.69173869003302,79.22743808821897,40.0,45.0
756,49737.0,6.264907285794158e-15,-102.31370040988195,102.31370040988196,144.69342273623275,45.0,-90.0
757,49768.0,8.146226704469996,-93.11179730224327,93.46746924130694,132.18296264174637,45.0,-85.0
758,49799.0,15.23624249036564,-86.40902503489747,87.74202352753647,124.08595966270127,45.0,-80.0
759,49829.0,22.5497498016717,-84.15681195780502,87.12554283916599,123.21412431226662,45.0,-75.0
760,49861.0,25.308122226814724,-69.53349434697107,73.99599912662612,104.64614552622234,45.0,-70.0
761,49892.0,17.628093620405107,-37.80356876434915,41.71162303256303,58.9891430012446,45.0,-65.0
762,49923.0,24.01799849984654,-41.600393697847274,48.035996999693076,67.93315843907925,45.0,-60.0
763,49954.0,43.983325648800275,-62.81469885522341,76.68258816316009,108.44555617821155,45.0,-55.0
764,49985.0,38.11493427628649,-45.423609855256615,59.29631141283752,83.85764779873335,45.0,-50.0
765,50016.0,45.677488100303336,-45.67748810030332,64.59772316658464,91.35497620060667,45.0,-45.0
766,50048.0,41.426462576619016,-34.7609294690204,54.07840621876931,76.47841550610508,45.0,-40.0
767,50078.0,54.84156007031292,-38.400473768413725,66.94918294187296,94.6804425061942,45.0,-35.0
768,50109.0,46.83327358162859,-27.039203109384648,54.07840621876931,76.47841550610508,45.0,-30.0
769,50141.0,49.707923797973216,-23.179185537980015,54.846625516153814,77.56484165534297,45.0,-25.0
770,50171.0,58.571808660940796,-21.3183949197178,62.33081687068532,88.14908657231689,45.0,-20.0
771,50202.0,65.13214154787318,-17.45210472906219,67.42975472361103,95.36007363762198,45.0,-15.0
772,50234.0,77.69926801869687,-13.70047733299461,78.8979044702278,111.57848654461299,45.0,-10.0
773,50265.0,50.93315984679536,-4.456074084148383,51.127716242979474,72.30550972398476,45.0,-5.0
774,50295.0,71.39972441930087,0.0,71.39972441930088,100.97445862347675,45.0,0.0
775,50326.0,84.3761109640199,7.381953181757164,84.69841400044193,119.7816457909162,45.0,5.0
776,50358.0,77.69926801869687,13.70047733299461,78.8979044702278,111.57848654461299,45.0,10.0
777,50388.0,69.46149089856732,18.61215039133289,71.91182698305853,101.69868101446886,45.0,15.0
778,50419.0,69.53349434697107,25.308122226814717,73.99599912662612,104.64614552622234,45.0,20.0
779,50451.0,64.24922283640245,29.959904639121486,70.89117378818716,100.25525942380233,45.0,25.0
780,50482.0,52.08878496366458,30.07347402053227,60.146948041064555,85.06062965502335,45.0,30.0
781,50513.0,64.62937973690468,45.25397888159852,78.8979044702278,111.57848654461299,45.0,35.0
782,50544.0,52.02497486274354,43.65413721933536,67.91378141315397,96.04459074652416,45.0,40.0
783,50575.0,55.78924327230649,55.789243272306486,78.8979044702278,111.57848654461299,45.0,45.0
784,51528.0,6.647583649681812e-15,-108.5632797033417,91.09540795846992,141.71929667856128,50.0,-90.0
785,51559.0,8.825218291465292,-100.87270665473444,84.96557059777328,132.18296264174637,50.0,-85.0
786,51590.0,14.842418158409977,-84.17553626095423,71.72126865845348,111.57848654461299,50.0,-80.0
787,51621.0,22.122319660274563,-82.56162095342454,71.72126865845348,111.57848654461299,50.0,-75.0
788,51652.0,31.161847735973176,-85.61647300306942,76.45133028659028,118.93715612202357,50.0,-70.0
789,51683.0,12.42167739928238,-26.63837314709824,24.662978077213626,38.36878263605723,50.0,-65.0
790,51714.0,34.49436507137674,-59.74599287845374,57.88841801817334,90.05839121012787,50.0,-60.0
791,51745.0,35.30810638811797,-50.42520176002919,51.653131422758314,80.35800728633737,50.0,-55.0
792,51776.0,49.720214854305155,-59.25424467717417,64.90513089797699,100.97445862347675,50.0,-50.0
793,51807.0,42.61295155862414,-42.61295155862413,50.56734412335328,78.66882211375054,50.0,-45.0
794,51838.0,57.583656744541926,-48.31842513618421,63.07522438183088,98.12762945538111,50.0,-40.0
795,51869.0,52.62125022967738,-36.84579608083952,53.9026569824835,83.85764779873335,50.0,-35.0
796,51900.0,76.15702210411148,-43.96927721248903,73.78920858426227,114.79562995970969,50.0,-30.0
797,51932.0,55.39630942841198,-25.831723319992463,51.288340975142994,79.79049409517114,50.0,-25.0
798,51962.0,56.62946134154297,-20.611438310850243,50.56734412335328,78.66882211375054,50.0,-20.0
799,51993.0,72.60876535472615,-19.455460040219748,63.07522438183088,98.12762945538111,50.0,-15.0
800,52025.0,49.5245760850803,-8.732518971948858,42.197122636469416,65.64706911050632,50.0,-10.0
801,52056.0,86.3682877557283,-7.556246066771095,72.7484281336443,113.17646301415277,50.0,-5.0
802,52086.0,69.48352555475782,0.0,58.3036006658944,90.70430074768652,50.0,0.0
803,52117.0,70.71973187771425,6.187174826892903,59.56757353679583,92.67069345945302,50.0,5.0
804,52149.0,90.36405297215278,15.93362062515949,76.99415778226275,119.7816457909162,50.0,10.0
805,52179.0,84.94212084561316,22.760172683968875,73.78920858426227,114.79562995970969,50.0,15.0
806,52210.0,52.0488543958923,18.944233727760373,46.477085762646986,72.30550972398476,50.0,20.0
807,52242.0,58.63602399858133,27.342427034298755,54.28781128736136,84.45684152784969,50.0,25.0
808,52273.0,71.43333121176948,41.2420530042268,69.2123829296811,107.67535323749175,50.0,30.0
809,52304.0,56.91757200258627,39.85411297280483,58.3036006658944,90.70430074768652,50.0,35.0
810,52335.0,41.55343813209025,34.86747461078484,45.516255517526695,70.81072321808298,50.0,40.0
811,52366.0,39.16610291729834,39.16610291729833,46.477085762646986,72.30550972398476,50.0,45.0
812,53319.0,5.7989959808531835e-15,-94.70479137153129,66.3130088229241,115.61320274032062,55.0,-90.0
813,53350.0,8.254066433747814,-94.34441104820436,66.3130088229241,115.61320274032062,55.0,-85.0
814,53381.0,18.154446892183916,-102.95898460485782,73.20480258835374,127.62867849674038,55.0,-80.0
815,53412.0,25.575358563155493,-95.44853757948806,69.19142619989258,120.63157029265639,55.0,-75.0
816,53443.0,15.896803974810071,-43.67610996228714,32.54504798568307,56.74055962397401,55.0,-70.0
817,53474.0,27.234250418525146,-58.40403849741752,45.12258263993941,78.66882211375054,55.0,-65.0
818,53505.0,29.408808974793878,-50.937551334430566,41.18453946784008,71.80305336433642,55.0,-60.0
819,53536.0,44.16822199818979,-63.078758208057955,53.91944304616485,94.0056802005104,55.0,-55.0
820,53567.0,47.0818186633362,-56.10992653790003,51.2876163819761,89.41723043620036,55.0,-50.0
821,53598.0,60.18274645262963,-60.182746452629615,59.595543215668215,103.9016588526554,55.0,-45.0
822,53629.0,47.65396520841644,-39.986424630517156,43.55839398646215,75.94174241809873,55.0,-40.0
823,53660.0,65.84462767295933,-46.10490464721778,56.283696010593445,98.12762945538111,55.0,-35.0
824,53691.0,72.14570331059713,-41.65334122724811,58.331967037880844,101.69868101446886,55.0,-30.0
825,53723.0,84.62170992630463,-39.459751384806715,65.37818612408968,113.98338910156389,55.0,-25.0
826,53753.0,54.12952700013975,-19.70153662295959,40.334362542428785,70.3208151280171,55.0,-20.0
827,53784.0,54.49738531482728,-14.602530384715692,39.50560071135461,68.87591296929776,55.0,-15.0
828,53816.0,74.75812343741383,-13.18187418914991,53.15372610865327,92.67069345945302,55.0,-10.0
829,53847.0,66.51212913124134,-5.819057285955981,46.750192797938084,81.50647382823368,55.0,-5.0
830,53877.0,85.11125625417009,0.0,59.595543215668215,103.9016588526554,55.0,0.0
831,53909.0,70.4091723590148,6.160004389656634,49.489355182603546,86.28205771046453,55.0,5.0
832,53940.0,61.26275677680701,10.80227693233143,43.55839398646215,75.94174241809873,55.0,10.0
833,53970.0,63.13343974261845,16.91655419443356,45.76594725779746,79.79049409517114,55.0,15.0
834,54002.0,50.53190571565822,18.392109561245768,37.653611957295055,65.64706911050632,55.0,20.0
835,54033.0,56.37944395982452,26.290166480986755,43.55839398646215,75.94174241809873,55.0,25.0
836,54064.0,40.25212067131994,23.239572705039862,32.54504798568307,56.74055962397401,55.0,30.0
837,54095.0,61.73992839561087,43.230763271134435,52.77501725416302,92.01043472061866,55.0,35.0
838,54126.0,42.04713625852704,35.28173652659087,38.433438206898806,67.0066546865192,55.0,40.0
839,54157.0,67.92282716097762,67.92282716097762,67.26010393341788,117.2644126758594,55.0,45.0
840,55110.0,7.20811668757658e-15,-117.7174789105749,67.96421813734453,135.92843627468903,60.0,-90.0
841,55141.0,11.304388689241243,-129.20975396877122,74.8842433900658,149.76848678013158,60.0,-85.0
842,55172.0,21.164952040134427,-120.03240771829508,70.3698185718665,140.73963714373298,60.0,-80.0
843,55203.0,21.222040611267825,-79.20173380154161,47.340221253097106,94.6804425061942,60.0,-75.0
844,55234.0,38.33796234430523,-105.33268584888019,64.71675224868302,129.43350449736602,60.0,-70.0
845,55265.0,23.70225691171282,-50.829653978863654,32.380295995763895,64.76059199152778,60.0,-65.0
846,55297.0,42.49050996075311,-73.59572209153583,49.06381472769057,98.12762945538111,60.0,-60.0
847,55327.0,44.41637868634224,-63.4331626876026,44.708615218100185,89.41723043620036,60.0,-55.0
848,55358.0,62.55574400958322,-74.55103266082453,56.18741727287299,112.37483454574595,60.0,-50.0
849,55389.0,52.08878496366458,-52.08878496366457,42.53031482751168,85.06062965502335,60.0,-45.0
850,55420.0,71.43333121176948,-59.93968187356025,53.83767661874589,107.67535323749175,60.0,-40.0
851,55451.0,61.209050840309,-42.85903880504573,43.14102885523227,86.28205771046453,60.0,-35.0
852,55482.0,83.68386490845974,-48.3149019317275,55.78924327230651,111.57848654461299,60.0,-30.0
853,55514.0,80.97057207768826,-37.75719784501733,51.5811319886639,103.16226397732777,60.0,-25.0
854,55544.0,47.38336033541217,-17.246132761599846,29.1124940641542,58.22498812830838,60.0,-20.0
855,55575.0,75.33531253566966,-20.186036155478916,45.02919560506394,90.05839121012787,60.0,-15.0
856,55607.0,62.099219745952794,-10.949767922155345,36.4060915718107,72.81218314362138,60.0,-10.0
857,55638.0,87.73849449463283,-7.676123623112067,50.849340507234444,101.69868101446886,60.0,-5.0
858,55668.0,87.44644630131154,0.0,50.48722931173839,100.97445862347675,60.0,0.0
859,55700.0,74.4381123717637,6.512490966798154,43.14102885523227,86.28205771046453,60.0,5.0
860,55731.0,62.97431968309115,11.104071651889118,36.91912488489063,73.83824976978124,60.0,10.0
861,55761.0,74.79897109496214,20.042323899573994,44.708615218100185,89.41723043620036,60.0,15.0
862,55793.0,85.16079059138887,30.995992901842804,52.323072763111185,104.64614552622234,60.0,20.0
863,55824.0,78.68890615977926,36.693239554145116,50.12762971190118,100.25525942380233,60.0,25.0
864,55855.0,77.37169798299583,44.67057065814105,51.5811319886639,103.16226397732777,60.0,30.0
865,55886.0,36.22300413292492,25.3636205504755,25.530499902681107,51.0609998053622,60.0,35.0
866,55917.0,105.66991055120097,88.66758297004888,79.64100758120641,159.2820151624128,60.0,40.0
867,55948.0,103.67019890621715,103.67019890621712,84.6463629510236,169.29272590204718,60.0,45.0
868,56901.0,6.8378105250940256e-15,-111.66992033710905,52.07253903875257,123.21412431226662,65.0,-90.0
869,56932.0,10.081380168224669,-115.23070260682897,53.938210254555,127.62867849674038,65.0,-85.0
870,56963.0,20.9488002587153,-118.8065500500548,56.25504466010121,133.110775735046,65.0,-80.0
871,56994.0,31.223756862014508,-116.52864701221554,56.25504466010121,133.110775735046,65.0,-75.0
872,57025.0,27.91589657542726,-76.698295484817,38.06032074838812,90.05839121012787,65.0,-70.0
873,57056.0,40.65798610994899,-87.19133258676712,44.86112410320141,106.1504628749959,65.0,-65.0
874,57086.0,30.784175245666024,-53.319755594597666,28.7097933340792,67.93315843907925,65.0,-60.0
875,57118.0,52.8667159595966,-75.5014950206994,42.9797197916567,101.69868101446886,65.0,-55.0
876,57149.0,49.55321098486028,-59.0552172157861,35.948175447375355,85.06062965502335,65.0,-50.0
877,57180.0,68.02720159161717,-68.02720159161716,44.86112410320141,106.1504628749959,65.0,-45.0
878,57211.0,67.15971953205808,-56.35369588931949,40.881559573530524,96.73401098463111,65.0,-40.0
879,57242.0,70.29112754591188,-49.21837737690767,40.01368403280802,94.6804425061942,65.0,-35.0
880,57273.0,79.82182693370919,-46.08515326738471,42.9797197916567,101.69868101446886,65.0,-30.0
881,57305.0,56.96647541005749,-26.563903741808222,29.310024830156305,69.3534271553549,65.0,-25.0
882,57335.0,74.53823495095887,-27.12969883688973,36.98842474033603,87.52206917890015,65.0,-20.0
883,57366.0,51.979970245939775,-13.927991049993347,25.093705475783487,59.376765623961404,65.0,-15.0
884,57398.0,79.80835965002011,-14.07236709238333,37.78935449661456,89.41723043620036,65.0,-10.0
885,57428.0,83.0724502117872,-7.267897644853124,38.88528998363396,92.01043472061866,65.0,-5.0
886,57459.0,86.42557731016515,0.0,40.3009085601969,95.36007363762198,65.0,0.0
887,57491.0,85.48309080386565,7.478801368495409,40.01368403280802,94.6804425061942,65.0,5.0
888,57522.0,79.24032184335776,13.972206701006298,37.52038791043767,88.78080127417348,65.0,10.0
889,57552.0,78.27817714059486,20.974574349802758,37.78935449661456,89.41723043620036,65.0,15.0
890,57584.0,80.63466888976197,29.348619325784323,40.01368403280802,94.6804425061942,65.0,20.0
891,57615.0,59.391297743315874,27.69461696547188,30.557628833825678,72.30550972398476,65.0,25.0
892,57646.0,53.319755594597666,30.784175245666013,28.7097933340792,67.93315843907925,65.0,30.0
893,57677.0,69.79018139445203,48.86761110541834,39.72851716009179,94.0056802005104,65.0,35.0
894,57708.0,46.203425437586326,38.76927724380563,28.125014557665434,66.54945397253502,65.0,40.0
895,57739.0,87.11060588949802,87.110605889498,57.445839459540515,135.92843627468903,65.0,45.0
896,58692.0,7.875966844430202e-15,-128.62429967422048,46.81541648475226,136.87912071358616,70.0,-90.0
897,58723.0,11.13248569032332,-127.24489370013784,46.49026325670319,135.92843627468903,70.0,-85.0
898,58754.0,22.965318528176127,-130.24279345057494,48.13579086750217,140.73963714373298,70.0,-80.0
899,58785.0,15.330718518071896,-57.21502042598137,21.559175478302123,63.03481212734786,70.0,-75.0
900,58816.0,51.192252896151224,-140.64955888318593,54.477657655049775,159.2820151624128,70.0,-70.0
901,58847.0,34.02184973010788,-72.96009219475262,29.30053369069638,85.66902933198483,70.0,-65.0
902,58877.0,49.874403328321094,-86.38500056183442,36.30559652659218,106.1504628749959,70.0,-60.0
903,58909.0,39.79774927154684,-56.837076294982054,25.254168769177113,73.83824976978124,70.0,-55.0
904,58940.0,59.696695395707025,-71.14375120383608,33.802487603470404,98.83186199148494,70.0,-50.0
905,58971.0,43.91852380898483,-43.91852380898482,22.606253856820047,66.0962644977742,70.0,-45.0
906,59002.0,75.32914175389531,-63.20865506259458,35.791089691357364,104.64614552622234,70.0,-40.0
907,59033.0,79.97841944786212,-56.00149219149111,35.53646025255995,103.9016588526554,70.0,-35.0
908,59064.0,38.334165316135156,-22.132240664430242,16.1109536389373,47.10527714034836,70.0,-30.0
909,59096.0,62.88440003009423,-29.323477312515365,25.254168769177113,73.83824976978124,70.0,-25.0
910,59126.0,51.749714108317846,-18.83535556721344,20.044166731308977,58.60522288660374,70.0,-20.0
911,59157.0,84.11472074289097,-22.538471494627036,31.695243859091242,92.67069345945302,70.0,-15.0
912,59189.0,72.28857271057544,-12.746425765780101,26.71677661326392,78.1146290200353,70.0,-10.0
913,59219.0,80.77008433622058,-7.066466731452106,29.510201744566707,86.28205771046453,70.0,-5.0
914,59250.0,80.50255469315768,0.0,29.30053369069638,85.66902933198483,70.0,0.0
915,59281.0,84.30517359281939,7.375746965956789,30.801783869367085,90.05839121012787,70.0,5.0
916,59313.0,56.41767395844773,9.947958107687679,20.851129517007262,60.96462423019625,70.0,10.0
917,59343.0,54.97053291202701,14.729309901286086,20.71343078028526,60.562020057871564,70.0,15.0
918,59375.0,81.24725847365504,29.571583700142913,31.46942207060309,92.01043472061866,70.0,20.0
919,59406.0,60.72678303072955,28.317363982346205,24.387676859973485,71.30479691294596,70.0,25.0
920,59437.0,72.2496102252619,41.71333191240049,30.364822376360536,88.78080127417348,70.0,30.0
921,59468.0,50.87767437319142,35.6249311226876,22.606253856820047,66.0962644977742,70.0,35.0
922,59499.0,65.76154255404285,55.18048610274635,31.245242053644557,91.35497620060667,70.0,40.0
923,59530.0,69.53349434697108,69.53349434697107,35.791089691357364,104.64614552622234,70.0,45.0
924,60483.0,7.236370119518037e-15,-118.17889247016004,31.665938799783863,122.3477924016012,75.0,-90.0
925,60514.0,12.608407256452757,-144.11475439577075,38.762936734883155,149.76848678013158,75.0,-85.0
926,60545.0,10.432085093593598,-59.163294532002254,16.097311320840245,62.19523495445995,75.0,-80.0
927,60576.0,40.917274038996894,-152.70534562075545,42.36067917988536,163.6690961559876,75.0,-75.0
928,60607.0,37.389665515012545,-102.72726172345813,29.292224085403777,113.17646301415277,75.0,-70.0
929,60638.0,48.89701114590054,-104.85997879461674,31.001771184413304,119.7816457909162,75.0,-65.0
930,60668.0,38.8099372934992,-67.22078323090277,20.79818271219124,80.35800728633737,75.0,-60.0
931,60700.0,58.392644165067416,-83.39333837274258,27.27842508225309,105.39574114975906,75.0,-55.0
932,60731.0,62.24700208789056,-74.18308836646285,25.947970510574013,100.25525942380233,75.0,-50.0
933,60762.0,49.042397482486635,-49.04239748248663,18.58399770720289,71.80305336433642,75.0,-45.0
934,60793.0,57.800303551266474,-48.50021339180251,20.21755369150319,78.1146290200353,75.0,-40.0
935,60824.0,35.51307048139059,-24.866519656042414,11.616522991769608,44.88279827772408,75.0,-35.0
936,60855.0,62.20140935259802,-35.91200043369656,19.245183029590244,74.35767727976526,75.0,-30.0
937,60887.0,44.70013182293624,-20.84401378957313,13.215559211603843,51.0609998053622,75.0,-25.0
938,60917.0,75.57563633007217,-27.507282059873678,21.550058257533916,83.26303131594403,75.0,-20.0
939,60948.0,48.50864166606089,-12.997851360351724,13.456365909882933,51.9914054414069,75.0,-15.0
940,60980.0,84.45284752790265,-14.891315616827422,22.978162209218237,88.78080127417348,75.0,-10.0
941,61010.0,85.42934261912158,-7.474099011645207,22.978162209218237,88.78080127417348,75.0,-5.0
942,61041.0,91.45428466121025,0.0,24.505101719337297,94.6804425061942,75.0,0.0
943,61072.0,74.1119732945395,6.483957494808231,19.934098657409162,77.01944286794301,75.0,5.0
944,61104.0,61.18759617928369,10.789024091101899,16.648088860890063,64.32327595635627,75.0,10.0
945,61134.0,87.08345854861312,23.33394239221003,24.157074753716117,93.33576956884013,75.0,15.0
946,61165.0,64.72146539601825,23.55668692224067,18.45503944823784,71.30479691294596,75.0,20.0
947,61197.0,80.54833584879016,37.56030585793167,23.814052853858342,92.01043472061866,75.0,25.0
948,61228.0,54.1732910406251,31.27696416519284,16.76127457952117,64.76059199152778,75.0,30.0
949,61259.0,74.91496423921777,52.456022685011106,24.505101719337297,94.6804425061942,75.0,35.0
950,61290.0,51.67389843028087,43.3595491143409,18.07464237686681,69.83505549101793,75.0,40.0
951,61321.0,48.7020819973872,48.70208199738719,18.45503944823784,71.30479691294596,75.0,45.0
952,62274.0,6.446915477162753e-15,-105.28611974736465,18.564783605562706,106.91032785366332,80.0,-90.0
953,62305.0,5.446911188981301,-62.258479778552285,11.019783365520516,63.46040317599673,80.0,-85.0
954,62336.0,24.57349272664505,-139.36320254513004,24.95257846161618,143.6961723230808,80.0,-80.0
955,62367.0,14.098749467342177,-52.61724933530566,9.60512749112725,55.31372468273506,80.0,-75.0
956,62398.0,34.996581571331205,-96.15231762533422,18.0423337163347,103.9016588526554,80.0,-70.0
957,62429.0,33.44482108188001,-71.72265026529566,13.9540215262184,80.35800728633737,80.0,-65.0
958,62459.0,48.31842513618423,-83.6899672775842,17.039684033702734,98.12762945538111,80.0,-60.0
959,62491.0,41.708459945419456,-59.5658539353341,12.821877514638157,73.83824976978124,80.0,-55.0
960,62522.0,58.662608247161366,-69.91137412950128,16.092097042364745,92.67069345945302,80.0,-50.0
961,62553.0,50.35097134989439,-50.35097134989438,12.555719998848469,72.30550972398476,80.0,-45.0
962,62584.0,45.68838199270351,-38.33710447916419,10.516484418877484,60.562020057871564,80.0,-40.0
963,62615.0,61.26275677680702,-42.89664410662825,13.187145179754273,75.94174241809873,80.0,-35.0
964,62646.0,42.529731692988506,-24.554552041509467,8.659260048256483,49.86669117176433,80.0,-30.0
965,62678.0,79.80835965002011,-37.21524928959276,15.527139117270178,89.41723043620036,80.0,-25.0
966,62708.0,60.75088607812303,-22.11151423773381,11.39949392021446,65.64706911050632,80.0,-20.0
967,62739.0,92.67884042885068,-24.83322044836342,16.918255691706012,97.42835150367333,80.0,-15.0
968,62771.0,75.75918474279561,-13.358388306631957,13.564462978457447,78.1146290200353,80.0,-10.0
969,62801.0,102.66417496717116,-8.981951459869427,18.171612470496914,104.64614552622234,80.0,-5.0
970,62832.0,85.57952975135414,0.0,15.089980091506533,86.89973194219286,80.0,0.0
971,62863.0,84.64789815975615,7.405731480275587,14.982722086775087,86.28205771046453,80.0,5.0
972,62895.0,76.83843851174538,13.548689865129099,13.757700245238778,79.22743808821897,80.0,10.0
973,62925.0,51.95882849848635,13.922326135836618,9.48493466158265,54.6215617636681,80.0,15.0
974,62957.0,94.78851723612118,34.500198824176984,17.786425774099452,102.42794374850905,80.0,20.0
975,62988.0,69.72034781603988,32.51113211584953,13.564462978457447,78.1146290200353,80.0,25.0
976,63019.0,91.83292044312034,53.01976133830501,18.697628869333457,107.67535323749175,80.0,30.0
977,63050.0,58.32938137574053,40.84267253840257,12.555719998848469,72.30550972398476,80.0,35.0
978,63081.0,74.02812215166854,62.11696999421169,17.039684033702734,98.12762945538111,80.0,40.0
979,63112.0,47.30622226896891,47.3062222689689,11.796469166104966,67.93315843907925,80.0,45.0
980,64065.0,5.612575093381552e-15,-91.66030723779697,8.019237778610432,92.01043472061866,85.0,-90.0
