,t,x,y,z,r,theta,phi
0,2544.0,-2.3853668982949214e-15,38.955997761243594,2.3853668982949214e-15,38.955997761243594,0.0,0.0
1,2575.0,-2.4524514493188194e-15,40.05157162091652,1.3986317003562552,40.0759848280569,2.0,0.0
2,2607.0,-3.3787382596085503e-15,55.17898322946599,3.8584903835209796,55.31372468273506,4.0,0.0
3,2637.0,-3.10945674162151e-15,50.78128230582785,5.337327842564463,51.0609998053622,6.0,0.0
4,2668.0,-3.3120565628580275e-15,54.08998847935601,7.601852129931432,54.6215617636681,8.0,0.0
5,2699.0,-2.8094956360019658e-15,45.88254569330596,8.090330749318825,46.59035791804655,10.0,0.0
6,2729.0,-2.4859969547362676e-15,40.59941129911278,8.629671271566464,41.50642629870495,12.0,0.0
7,2760.0,-3.821669526159532e-15,62.412599760524046,15.561208850542235,64.32327595635627,14.0,0.0
8,2791.0,-4.501542706107599e-15,73.515771392074,21.08030822717659,76.47841550610508,16.0,0.0
9,2823.0,-4.181480677317942e-15,68.2887617920408,22.1883637375912,71.80305336433642,18.0,0.0
10,2853.0,-5.072061243460819e-15,82.83304618102437,30.14876322349061,88.14908657231689,20.0,0.0
11,2884.0,-6.33471649051062e-15,103.4537712411627,41.79803674298064,111.57848654461299,22.0,0.0
12,2915.0,-3.4559500769010306e-15,56.439947898564675,25.128683801760225,61.78121452676001,24.0,0.0
13,2946.0,-7.480857184457475e-15,122.17166924644623,59.58710449098146,135.92843627468903,26.0,0.0
14,2976.0,-4.869002163033736e-15,79.51683973572993,42.279853663401866,90.05839121012787,28.0,0.0
15,3008.0,-6.044398005353253e-15,98.71251057140064,56.99169455078196,113.98338910156389,30.0,0.0
16,3039.0,-6.5810734261632555e-15,107.47708532362564,67.15913665127744,126.73465786992469,32.0,0.0
17,3069.0,-6.524598522540061e-15,106.55478015510661,71.87210672489181,128.52828832197736,34.0,0.0
18,3100.0,-6.190433182146063e-15,101.09744599759023,73.45159398997468,124.96331560463557,36.0,0.0
19,3131.0,-5.085528147262779e-15,83.05297741036063,64.88809748930186,105.39574114975906,38.0,0.0
20,3162.0,-4.2851598924149356e-15,69.98197186974123,58.72184678495866,91.35497620060667,40.0,0.0
21,3193.0,-4.6609320171466785e-15,76.11879638099411,68.53767210853088,102.42794374850905,42.0,0.0
22,3224.0,-5.276005286801084e-15,86.16370516747268,83.20732287601467,119.7816457909162,44.0,0.0
23,3255.0,-3.1628452570668666e-15,51.65318293027774,53.4884367280722,74.35767727976526,46.0,0.0
24,3286.0,-4.3183199179173705e-15,70.52351618317955,78.32429966279831,105.39574114975906,48.0,0.0
25,3316.0,-3.6736389028349985e-15,59.99507621940838,71.49934762244341,93.33576956884013,50.0,0.0
26,3347.0,-3.8065747994916215e-15,62.16608416633934,79.56895923491668,100.97445862347675,52.0,0.0
27,3379.0,-5.06542592004166e-15,82.72468312608021,113.86075823144357,140.73963714373298,54.0,0.0
28,3409.0,-4.4944611967152706e-15,73.40012156720599,108.82015531962976,131.26082450552016,56.0,0.0
29,3440.0,-2.073111558273621e-15,33.856481064042335,54.18169567861143,63.88988540175603,58.0,0.0
30,3471.0,-1.8298705509692483e-15,29.884053953242283,51.760699783145206,59.76810790648457,60.0,0.0
31,3502.0,-1.5701974239926842e-15,25.64326996299532,48.227976477425955,54.6215617636681,62.0,0.0
32,3532.0,-1.552795740553885e-15,25.359078905607753,51.99381689908008,57.84842157462816,64.0,0.0
33,3564.0,-1.4314525611909198e-15,23.377394399553452,52.50648749945952,57.47550607383263,66.0,0.0
34,3595.0,-8.205222421502112e-16,13.40014513117563,33.166523048043196,35.771247401131404,68.0,0.0
35,3625.0,-1.0204162705764674e-15,16.66466235467926,45.78578352231676,48.72421311984337,70.0,0.0
36,3656.0,-1.2171143276088478e-15,19.876985404383536,61.175070747744,64.32327595635627,72.0,0.0
37,3687.0,-1.0567788274213163e-15,17.25850797400666,60.18756998769432,62.61309510407909,74.0,0.0
38,3719.0,-9.275155626187876e-16,15.14747865694109,60.753218588400465,62.61309510407909,76.0,0.0
39,3749.0,-6.741282304687567e-16,11.009349486531317,51.794917080106394,52.952046338660836,78.0,0.0
40,3780.0,-8.853261741099452e-16,14.458473655038233,81.99807877923995,83.26303131594403,80.0,0.0
41,3811.0,-8.604936968022261e-16,14.05292852439308,99.99178213329593,100.97445862347675,82.0,0.0
42,3842.0,-6.280680901943799e-16,10.257130311068716,97.59007603396122,98.12762945538111,84.0,0.0
43,3872.0,-4.1913765756781036e-16,6.845037407677549,97.88859548190521,98.12762945538111,86.0,0.0
44,3904.0,-2.0820222877740565e-16,3.4002004320325527,97.36900078436325,97.42835150367333,88.0,0.0
45,3935.0,0.0,-0.0,61.78121452676001,61.78121452676001,90.0,0.0
46,3965.0,2.0671843847033473e-16,-3.375968297377826,96.67508323880479,96.73401098463111,92.0,0.0
47,3996.0,4.343908761958064e-16,-7.094141371997972,101.45094813887545,101.69868101446886,94.0,0.0
48,4027.0,6.842819480076937e-16,-11.175172277984435,106.32466189146875,106.91032785366332,96.0,0.0
49,4058.0,8.243570488361019e-16,-13.462772277036144,95.7926022393765,96.73401098463111,98.0,0.0
50,4089.0,9.575804492874803e-16,-15.6384755172542,88.69020188754041,90.05839121012787,100.0,0.0
51,4120.0,1.1797831229899468e-15,-19.26732056640915,90.64561646570195,92.67069345945302,102.0,0.0
52,4151.0,1.4536081196986911e-15,-23.73922212854759,95.21281949015088,98.12762945538111,104.0,0.0
53,4182.0,1.632668925408854e-15,-26.66350700537627,92.98669945400248,96.73401098463111,106.0,0.0
54,4212.0,1.5643242791129923e-15,-25.547354228209077,78.62667152654367,82.67297492775126,108.0,0.0
55,4244.0,1.4727072911436092e-15,-24.05113526886226,66.07995106344775,70.3208151280171,110.0,0.0
56,4275.0,1.2768480581436237e-15,-20.852511255206238,51.6117764684763,55.665094052561045,112.0,0.0
57,4305.0,2.148892300936138e-15,-35.09407451082681,78.82258189745161,86.28205771046453,114.0,0.0
58,4336.0,2.0673937087616023e-15,-33.76310149507601,69.22461669898603,77.01944286794301,116.0,0.0
59,4367.0,2.2297442736364755e-15,-36.41448742917403,68.48569023006891,77.56484165534297,118.0,0.0
60,4399.0,3.5146025196565614e-15,-57.397814979854836,99.41593178854659,114.79562995970969,120.0,0.0
61,4429.0,4.379970988049089e-15,-71.5303545658813,114.47249628632899,134.98349539978693,122.0,0.0
62,4460.0,4.400897272430786e-15,-71.87210672489181,106.55478015510661,128.52828832197736,124.0,0.0
63,4491.0,4.561366179211543e-15,-74.49276285027395,102.53049199306375,126.73465786992469,126.0,0.0
64,4523.0,4.6449744513852045e-15,-75.85818955504912,97.09405495430154,123.21412431226662,128.0,0.0
65,4553.0,4.84963270290969e-15,-79.20051244630196,94.38749524318283,123.21412431226662,130.0,0.0
66,4584.0,6.705921037868713e-15,-109.51600155306225,121.62984189888427,163.6690961559876,132.0,0.0
67,4615.0,4.746053129531569e-15,-77.508929641362,80.26284623309078,111.57848654461299,134.0,0.0
68,4645.0,6.780403550003538e-15,-110.73239328636336,106.93302920416332,153.93614149284207,136.0,0.0
69,4677.0,5.528202355577986e-15,-90.28239586184255,81.2906343629016,121.48694677897458,138.0,0.0
70,4708.0,5.779567196454993e-15,-94.38749524318281,79.20051244630197,123.21412431226662,140.0,0.0
71,4739.0,6.513188842195466e-15,-106.36844593445558,83.10413792244704,134.98349539978693,142.0,0.0
72,4769.0,6.1469707203089704e-15,-100.38765013044954,72.93589710629452,124.08595966270127,144.0,0.0
73,4800.0,6.2548307764744234e-15,-102.14913852433665,68.90046392278192,123.21412431226662,146.0,0.0
74,4832.0,5.96110395108265e-15,-97.35221543440937,60.83241576543661,114.79562995970969,148.0,0.0
75,4862.0,6.533892465338126e-15,-106.70656175947671,61.607062156133324,123.21412431226662,150.0,0.0
76,4893.0,5.617437696793765e-15,-91.7397195780015,48.77887415760262,103.9016588526554,152.0,0.0
77,4924.0,6.829103374345744e-15,-111.5277217741545,54.39570443776156,124.08595966270127,154.0,0.0
78,4955.0,4.826491131062211e-15,-78.82258189745161,35.0940745108268,86.28205771046453,156.0,0.0
79,4986.0,5.941142278070627e-15,-97.02621657455981,39.20113608968393,104.64614552622234,158.0,0.0
80,5017.0,5.605986231866982e-15,-91.55270296333748,33.32245874526999,97.42835150367333,160.0,0.0
81,5048.0,5.714503315014883e-15,-93.32492142213646,30.323105119440434,98.12762945538111,162.0,0.0
82,5079.0,6.567543521130247e-15,-107.25612520610558,30.755198997219743,111.57848654461299,164.0,0.0
83,5110.0,6.6292659299858215e-15,-108.26412863858175,26.99327897301479,111.57848654461299,166.0,0.0
84,5141.0,7.917001580202346e-15,-129.29444776591046,27.48238326014622,132.18296264174637,168.0,0.0
85,5172.0,9.031351739335169e-15,-147.49316693797996,26.007024801303608,149.76848678013158,170.0,0.0
