,distance,scaledDistance
0,0.0,277.0613442466328
1,234.0,56.74055962397401
2,234.0,56.74055962397401
3,239.0,54.96588630368086
4,246.0,52.628444646557824
5,240.0,54.6215617636681
6,243.0,53.60949966057407
7,251.0,51.0609998053622
8,242.0,53.94338559384511
9,244.0,53.27905895942277
10,330.0,35.86760973188254
11,243.0,53.60949966057407
12,245.0,52.952046338660836
13,313.0,37.81857899747152
14,243.0,53.60949966057407
15,247.0,52.30823673138329
16,242.0,53.94338559384511
17,296.0,40.41824083942822
18,335.0,35.404985359257665
19,334.0,35.493707081017334
